    -0.799001E+01    0.100044E+01   -0.176563E+00   -0.349751E-02   -0.216872E-02
    -0.797004E+01    0.100049E+01   -0.176564E+00   -0.344519E-02   -0.630334E-02
    -0.795006E+01    0.100061E+01   -0.176567E+00   -0.339023E-02   -0.974644E-02
    -0.793009E+01    0.100079E+01   -0.176571E+00   -0.333542E-02   -0.126504E-01
    -0.791011E+01    0.100103E+01   -0.176576E+00   -0.328078E-02   -0.150986E-01
    -0.789014E+01    0.100131E+01   -0.176583E+00   -0.322629E-02   -0.171615E-01
    -0.787016E+01    0.100163E+01   -0.176591E+00   -0.317197E-02   -0.188990E-01
    -0.785019E+01    0.100198E+01   -0.176601E+00   -0.311782E-02   -0.203619E-01
    -0.783021E+01    0.100235E+01   -0.176613E+00   -0.306384E-02   -0.215930E-01
    -0.781024E+01    0.100275E+01   -0.176627E+00   -0.301003E-02   -0.226286E-01
    -0.779026E+01    0.100317E+01   -0.176644E+00   -0.295640E-02   -0.234993E-01
    -0.777029E+01    0.100360E+01   -0.176663E+00   -0.290295E-02   -0.242312E-01
    -0.775031E+01    0.100405E+01   -0.176685E+00   -0.284969E-02   -0.248461E-01
    -0.773034E+01    0.100451E+01   -0.176709E+00   -0.279662E-02   -0.253624E-01
    -0.771036E+01    0.100498E+01   -0.176736E+00   -0.274376E-02   -0.257958E-01
    -0.769039E+01    0.100546E+01   -0.176766E+00   -0.269109E-02   -0.261593E-01
    -0.767041E+01    0.100594E+01   -0.176799E+00   -0.263865E-02   -0.264641E-01
    -0.765044E+01    0.100643E+01   -0.176834E+00   -0.258641E-02   -0.267195E-01
    -0.763046E+01    0.100692E+01   -0.176873E+00   -0.253441E-02   -0.269334E-01
    -0.761049E+01    0.100742E+01   -0.176914E+00   -0.248263E-02   -0.271123E-01
    -0.759051E+01    0.100792E+01   -0.176959E+00   -0.243109E-02   -0.272618E-01
    -0.757054E+01    0.100842E+01   -0.177006E+00   -0.237979E-02   -0.273867E-01
    -0.755056E+01    0.100893E+01   -0.177057E+00   -0.232875E-02   -0.274908E-01
    -0.753059E+01    0.100944E+01   -0.177111E+00   -0.227796E-02   -0.275774E-01
    -0.751061E+01    0.100995E+01   -0.177167E+00   -0.222744E-02   -0.276494E-01
    -0.749064E+01    0.101046E+01   -0.177227E+00   -0.217720E-02   -0.277091E-01
    -0.747066E+01    0.101097E+01   -0.177290E+00   -0.212723E-02   -0.277584E-01
    -0.745069E+01    0.101148E+01   -0.177356E+00   -0.207756E-02   -0.277991E-01
    -0.743071E+01    0.101200E+01   -0.177425E+00   -0.202818E-02   -0.278324E-01
    -0.741074E+01    0.101251E+01   -0.177497E+00   -0.197910E-02   -0.278595E-01
    -0.739076E+01    0.101303E+01   -0.177572E+00   -0.193034E-02   -0.278815E-01
    -0.737079E+01    0.101355E+01   -0.177651E+00   -0.188189E-02   -0.278991E-01
    -0.735081E+01    0.101406E+01   -0.177733E+00   -0.183378E-02   -0.279130E-01
    -0.733084E+01    0.101458E+01   -0.177818E+00   -0.178600E-02   -0.279238E-01
    -0.731086E+01    0.101510E+01   -0.177906E+00   -0.173857E-02   -0.279319E-01
    -0.729089E+01    0.101562E+01   -0.177997E+00   -0.169149E-02   -0.279378E-01
    -0.727091E+01    0.101613E+01   -0.178092E+00   -0.164477E-02   -0.279419E-01
    -0.725094E+01    0.101665E+01   -0.178189E+00   -0.159842E-02   -0.279443E-01
    -0.723096E+01    0.101717E+01   -0.178290E+00   -0.155246E-02   -0.279453E-01
    -0.721099E+01    0.101769E+01   -0.178394E+00   -0.150689E-02   -0.279452E-01
    -0.719101E+01    0.101821E+01   -0.178502E+00   -0.146171E-02   -0.279440E-01
    -0.717104E+01    0.101873E+01   -0.178612E+00   -0.141694E-02   -0.279420E-01
    -0.715106E+01    0.101925E+01   -0.178726E+00   -0.137259E-02   -0.279392E-01
    -0.713109E+01    0.101977E+01   -0.178844E+00   -0.132867E-02   -0.279357E-01
    -0.711111E+01    0.102029E+01   -0.178964E+00   -0.128518E-02   -0.279317E-01
    -0.709114E+01    0.102081E+01   -0.179088E+00   -0.124214E-02   -0.279271E-01
    -0.707116E+01    0.102133E+01   -0.179215E+00   -0.119956E-02   -0.279220E-01
    -0.705119E+01    0.102185E+01   -0.179345E+00   -0.115745E-02   -0.279165E-01
    -0.703121E+01    0.102237E+01   -0.179479E+00   -0.111581E-02   -0.279106E-01
    -0.701124E+01    0.102290E+01   -0.179616E+00   -0.107466E-02   -0.279044E-01
    -0.699126E+01    0.102342E+01   -0.179756E+00   -0.103401E-02   -0.278978E-01
    -0.697129E+01    0.102394E+01   -0.179900E+00   -0.993871E-03   -0.278908E-01
    -0.695131E+01    0.102446E+01   -0.180047E+00   -0.954251E-03   -0.278836E-01
    -0.693134E+01    0.102498E+01   -0.180198E+00   -0.915162E-03   -0.278761E-01
    -0.691136E+01    0.102551E+01   -0.180351E+00   -0.876616E-03   -0.278683E-01
    -0.689139E+01    0.102603E+01   -0.180509E+00   -0.838625E-03   -0.278603E-01
    -0.687141E+01    0.102655E+01   -0.180669E+00   -0.801199E-03   -0.278519E-01
    -0.685144E+01    0.102707E+01   -0.180833E+00   -0.764351E-03   -0.278433E-01
    -0.683146E+01    0.102760E+01   -0.181001E+00   -0.728094E-03   -0.278344E-01
    -0.681149E+01    0.102812E+01   -0.181172E+00   -0.692438E-03   -0.278253E-01
    -0.679151E+01    0.102864E+01   -0.181346E+00   -0.657396E-03   -0.278159E-01
    -0.677154E+01    0.102917E+01   -0.181524E+00   -0.622982E-03   -0.278063E-01
    -0.675156E+01    0.102969E+01   -0.181705E+00   -0.589207E-03   -0.277964E-01
    -0.673159E+01    0.103022E+01   -0.181890E+00   -0.556085E-03   -0.277862E-01
    -0.671161E+01    0.103074E+01   -0.182079E+00   -0.523628E-03   -0.277757E-01
    -0.669164E+01    0.103127E+01   -0.182271E+00   -0.491851E-03   -0.277650E-01
    -0.667166E+01    0.103179E+01   -0.182466E+00   -0.460767E-03   -0.277540E-01
    -0.665169E+01    0.103232E+01   -0.182665E+00   -0.430389E-03   -0.277427E-01
    -0.663171E+01    0.103284E+01   -0.182868E+00   -0.400732E-03   -0.277312E-01
    -0.661174E+01    0.103337E+01   -0.183074E+00   -0.371809E-03   -0.277193E-01
    -0.659176E+01    0.103389E+01   -0.183284E+00   -0.343636E-03   -0.277072E-01
    -0.657179E+01    0.103442E+01   -0.183497E+00   -0.316227E-03   -0.276948E-01
    -0.655181E+01    0.103495E+01   -0.183714E+00   -0.289597E-03   -0.276821E-01
    -0.653184E+01    0.103547E+01   -0.183935E+00   -0.263761E-03   -0.276690E-01
    -0.651186E+01    0.103600E+01   -0.184160E+00   -0.238734E-03   -0.276557E-01
    -0.649189E+01    0.103653E+01   -0.184388E+00   -0.214533E-03   -0.276421E-01
    -0.647191E+01    0.103705E+01   -0.184620E+00   -0.191173E-03   -0.276281E-01
    -0.645194E+01    0.103758E+01   -0.184855E+00   -0.168671E-03   -0.276138E-01
    -0.643196E+01    0.103811E+01   -0.185095E+00   -0.147043E-03   -0.275992E-01
    -0.641199E+01    0.103864E+01   -0.185338E+00   -0.126305E-03   -0.275843E-01
    -0.639201E+01    0.103917E+01   -0.185585E+00   -0.106475E-03   -0.275690E-01
    -0.637203E+01    0.103970E+01   -0.185836E+00   -0.875704E-04   -0.275534E-01
    -0.635206E+01    0.104022E+01   -0.186090E+00   -0.696085E-04   -0.275374E-01
    -0.633208E+01    0.104075E+01   -0.186349E+00   -0.526074E-04   -0.275211E-01
    -0.631211E+01    0.104128E+01   -0.186611E+00   -0.365853E-04   -0.275044E-01
    -0.629213E+01    0.104181E+01   -0.186877E+00   -0.215607E-04   -0.274874E-01
    -0.627216E+01    0.104235E+01   -0.187148E+00   -0.755261E-05   -0.274699E-01
    -0.625218E+01    0.104288E+01   -0.187422E+00    0.541981E-05   -0.274522E-01
    -0.623221E+01    0.104341E+01   -0.187700E+00    0.173370E-04   -0.274340E-01
    -0.621223E+01    0.104394E+01   -0.187982E+00    0.281790E-04   -0.274154E-01
    -0.619226E+01    0.104447E+01   -0.188268E+00    0.379256E-04   -0.273965E-01
    -0.617228E+01    0.104500E+01   -0.188558E+00    0.465563E-04   -0.273771E-01
    -0.615231E+01    0.104554E+01   -0.188853E+00    0.540499E-04   -0.273574E-01
    -0.613233E+01    0.104607E+01   -0.189151E+00    0.603852E-04   -0.273372E-01
    -0.611236E+01    0.104660E+01   -0.189454E+00    0.655404E-04   -0.273166E-01
    -0.609238E+01    0.104714E+01   -0.189760E+00    0.694934E-04   -0.272956E-01
    -0.607241E+01    0.104767E+01   -0.190071E+00    0.722216E-04   -0.272742E-01
    -0.605243E+01    0.104820E+01   -0.190386E+00    0.737021E-04   -0.272523E-01
    -0.603246E+01    0.104874E+01   -0.190706E+00    0.739116E-04   -0.272300E-01
    -0.601248E+01    0.104927E+01   -0.191029E+00    0.728262E-04   -0.272073E-01
    -0.599251E+01    0.104981E+01   -0.191357E+00    0.704216E-04   -0.271840E-01
    -0.597253E+01    0.105034E+01   -0.191689E+00    0.666733E-04   -0.271604E-01
    -0.595256E+01    0.105088E+01   -0.192026E+00    0.615561E-04   -0.271363E-01
    -0.593258E+01    0.105142E+01   -0.192367E+00    0.550443E-04   -0.271117E-01
    -0.591261E+01    0.105195E+01   -0.192712E+00    0.471119E-04   -0.270866E-01
    -0.589263E+01    0.105249E+01   -0.193062E+00    0.377322E-04   -0.270610E-01
    -0.587266E+01    0.105303E+01   -0.193416E+00    0.268782E-04   -0.270350E-01
    -0.585268E+01    0.105357E+01   -0.193775E+00    0.145223E-04   -0.270084E-01
    -0.583271E+01    0.105411E+01   -0.194138E+00    0.636232E-06   -0.269814E-01
    -0.581273E+01    0.105465E+01   -0.194506E+00   -0.148086E-04   -0.269538E-01
    -0.579276E+01    0.105519E+01   -0.194878E+00   -0.318414E-04   -0.269257E-01
    -0.577278E+01    0.105573E+01   -0.195255E+00   -0.504921E-04   -0.268971E-01
    -0.575281E+01    0.105627E+01   -0.195637E+00   -0.707910E-04   -0.268680E-01
    -0.573283E+01    0.105681E+01   -0.196024E+00   -0.927691E-04   -0.268383E-01
    -0.571286E+01    0.105735E+01   -0.196415E+00   -0.116458E-03   -0.268081E-01
    -0.569288E+01    0.105789E+01   -0.196811E+00   -0.141890E-03   -0.267774E-01
    -0.567291E+01    0.105844E+01   -0.197212E+00   -0.169098E-03   -0.267461E-01
    -0.565293E+01    0.105898E+01   -0.197618E+00   -0.198115E-03   -0.267142E-01
    -0.563296E+01    0.105952E+01   -0.198029E+00   -0.228975E-03   -0.266818E-01
    -0.561298E+01    0.106007E+01   -0.198445E+00   -0.261715E-03   -0.266488E-01
    -0.559301E+01    0.106061E+01   -0.198865E+00   -0.296368E-03   -0.266152E-01
    -0.557303E+01    0.106116E+01   -0.199291E+00   -0.332971E-03   -0.265810E-01
    -0.555306E+01    0.106170E+01   -0.199722E+00   -0.371562E-03   -0.265462E-01
    -0.553308E+01    0.106225E+01   -0.200158E+00   -0.412179E-03   -0.265108E-01
    -0.551311E+01    0.106280E+01   -0.200599E+00   -0.454858E-03   -0.264749E-01
    -0.549313E+01    0.106334E+01   -0.201045E+00   -0.499642E-03   -0.264383E-01
    -0.547316E+01    0.106389E+01   -0.201497E+00   -0.546568E-03   -0.264010E-01
    -0.545318E+01    0.106444E+01   -0.201954E+00   -0.595679E-03   -0.263632E-01
    -0.543321E+01    0.106499E+01   -0.202416E+00   -0.647017E-03   -0.263247E-01
    -0.541323E+01    0.106554E+01   -0.202883E+00   -0.700623E-03   -0.262856E-01
    -0.539326E+01    0.106609E+01   -0.203356E+00   -0.756543E-03   -0.262458E-01
    -0.537328E+01    0.106664E+01   -0.203835E+00   -0.814819E-03   -0.262053E-01
    -0.535331E+01    0.106719E+01   -0.204319E+00   -0.875500E-03   -0.261642E-01
    -0.533333E+01    0.106775E+01   -0.204809E+00   -0.938629E-03   -0.261225E-01
    -0.531336E+01    0.106830E+01   -0.205304E+00   -0.100426E-02   -0.260800E-01
    -0.529338E+01    0.106885E+01   -0.205805E+00   -0.107243E-02   -0.260369E-01
    -0.527341E+01    0.106941E+01   -0.206312E+00   -0.114320E-02   -0.259931E-01
    -0.525343E+01    0.106996E+01   -0.206825E+00   -0.121661E-02   -0.259485E-01
    -0.523346E+01    0.107052E+01   -0.207344E+00   -0.129273E-02   -0.259033E-01
    -0.521348E+01    0.107108E+01   -0.207868E+00   -0.137159E-02   -0.258574E-01
    -0.519351E+01    0.107164E+01   -0.208399E+00   -0.145326E-02   -0.258107E-01
    -0.517353E+01    0.107219E+01   -0.208935E+00   -0.153779E-02   -0.257634E-01
    -0.515356E+01    0.107275E+01   -0.209478E+00   -0.162524E-02   -0.257152E-01
    -0.513358E+01    0.107331E+01   -0.210027E+00   -0.171567E-02   -0.256664E-01
    -0.511361E+01    0.107388E+01   -0.210582E+00   -0.180913E-02   -0.256168E-01
    -0.509363E+01    0.107444E+01   -0.211143E+00   -0.190568E-02   -0.255664E-01
    -0.507366E+01    0.107500E+01   -0.211711E+00   -0.200539E-02   -0.255153E-01
    -0.505368E+01    0.107557E+01   -0.212285E+00   -0.210833E-02   -0.254635E-01
    -0.503371E+01    0.107613E+01   -0.212866E+00   -0.221455E-02   -0.254108E-01
    -0.501373E+01    0.107670E+01   -0.213453E+00   -0.232412E-02   -0.253574E-01
    -0.499376E+01    0.107726E+01   -0.214047E+00   -0.243712E-02   -0.253032E-01
    -0.497378E+01    0.107783E+01   -0.214648E+00   -0.255360E-02   -0.252482E-01
    -0.495381E+01    0.107840E+01   -0.215255E+00   -0.267365E-02   -0.251924E-01
    -0.493383E+01    0.107897E+01   -0.215869E+00   -0.279733E-02   -0.251358E-01
    -0.491386E+01    0.107954E+01   -0.216490E+00   -0.292472E-02   -0.250783E-01
    -0.489388E+01    0.108012E+01   -0.217119E+00   -0.305590E-02   -0.250201E-01
    -0.487391E+01    0.108069E+01   -0.217754E+00   -0.319094E-02   -0.249610E-01
    -0.485393E+01    0.108126E+01   -0.218396E+00   -0.332992E-02   -0.249011E-01
    -0.483396E+01    0.108184E+01   -0.219046E+00   -0.347293E-02   -0.248404E-01
    -0.481398E+01    0.108242E+01   -0.219703E+00   -0.362006E-02   -0.247788E-01
    -0.479401E+01    0.108300E+01   -0.220368E+00   -0.377138E-02   -0.247163E-01
    -0.477403E+01    0.108358E+01   -0.221040E+00   -0.392698E-02   -0.246530E-01
    -0.475406E+01    0.108416E+01   -0.221719E+00   -0.408697E-02   -0.245888E-01
    -0.473408E+01    0.108474E+01   -0.222407E+00   -0.425142E-02   -0.245238E-01
    -0.471411E+01    0.108532E+01   -0.223102E+00   -0.442044E-02   -0.244579E-01
    -0.469413E+01    0.108591E+01   -0.223804E+00   -0.459412E-02   -0.243911E-01
    -0.467416E+01    0.108650E+01   -0.224515E+00   -0.477257E-02   -0.243234E-01
    -0.465418E+01    0.108709E+01   -0.225234E+00   -0.495588E-02   -0.242548E-01
    -0.463421E+01    0.108768E+01   -0.225961E+00   -0.514417E-02   -0.241853E-01
    -0.461423E+01    0.108827E+01   -0.226697E+00   -0.533753E-02   -0.241148E-01
    -0.459426E+01    0.108886E+01   -0.227440E+00   -0.553609E-02   -0.240435E-01
    -0.457428E+01    0.108946E+01   -0.228193E+00   -0.573995E-02   -0.239713E-01
    -0.455431E+01    0.109006E+01   -0.228953E+00   -0.594923E-02   -0.238981E-01
    -0.453433E+01    0.109066E+01   -0.229723E+00   -0.616406E-02   -0.238240E-01
    -0.451436E+01    0.109126E+01   -0.230501E+00   -0.638455E-02   -0.237489E-01
    -0.449438E+01    0.109186E+01   -0.231288E+00   -0.661084E-02   -0.236729E-01
    -0.447441E+01    0.109246E+01   -0.232084E+00   -0.684305E-02   -0.235960E-01
    -0.445443E+01    0.109307E+01   -0.232889E+00   -0.708131E-02   -0.235180E-01
    -0.443446E+01    0.109368E+01   -0.233704E+00   -0.732577E-02   -0.234392E-01
    -0.441448E+01    0.109429E+01   -0.234528E+00   -0.757657E-02   -0.233593E-01
    -0.439451E+01    0.109491E+01   -0.235361E+00   -0.783384E-02   -0.232785E-01
    -0.437453E+01    0.109552E+01   -0.236204E+00   -0.809775E-02   -0.231967E-01
    -0.435456E+01    0.109614E+01   -0.237057E+00   -0.836844E-02   -0.231139E-01
    -0.433458E+01    0.109676E+01   -0.237920E+00   -0.864606E-02   -0.230301E-01
    -0.431461E+01    0.109739E+01   -0.238792E+00   -0.893080E-02   -0.229454E-01
    -0.429463E+01    0.109801E+01   -0.239675E+00   -0.922280E-02   -0.228596E-01
    -0.427466E+01    0.109864E+01   -0.240568E+00   -0.952224E-02   -0.227728E-01
    -0.425468E+01    0.109927E+01   -0.241472E+00   -0.982930E-02   -0.226850E-01
    -0.423471E+01    0.109991E+01   -0.242386E+00   -0.101442E-01   -0.225962E-01
    -0.421473E+01    0.110055E+01   -0.243311E+00   -0.104670E-01   -0.225063E-01
    -0.419476E+01    0.110119E+01   -0.244247E+00   -0.107980E-01   -0.224155E-01
    -0.417478E+01    0.110183E+01   -0.245193E+00   -0.111374E-01   -0.223236E-01
    -0.415481E+01    0.110248E+01   -0.246151E+00   -0.114854E-01   -0.222306E-01
    -0.413483E+01    0.110313E+01   -0.247121E+00   -0.118422E-01   -0.221367E-01
    -0.411486E+01    0.110378E+01   -0.248102E+00   -0.122080E-01   -0.220416E-01
    -0.409488E+01    0.110444E+01   -0.249094E+00   -0.125830E-01   -0.219456E-01
    -0.407491E+01    0.110510E+01   -0.250099E+00   -0.129675E-01   -0.218484E-01
    -0.405493E+01    0.110577E+01   -0.251115E+00   -0.133616E-01   -0.217502E-01
    -0.403496E+01    0.110644E+01   -0.252144E+00   -0.137657E-01   -0.216510E-01
    -0.401498E+01    0.110711E+01   -0.253185E+00   -0.141801E-01   -0.215507E-01
    -0.399501E+01    0.110779E+01   -0.254239E+00   -0.146048E-01   -0.214493E-01
    -0.397503E+01    0.110847E+01   -0.255305E+00   -0.150403E-01   -0.213468E-01
    -0.395506E+01    0.110916E+01   -0.256384E+00   -0.154868E-01   -0.212432E-01
    -0.393508E+01    0.110985E+01   -0.257477E+00   -0.159446E-01   -0.211386E-01
    -0.391511E+01    0.111054E+01   -0.258583E+00   -0.164139E-01   -0.210329E-01
    -0.389513E+01    0.111124E+01   -0.259702E+00   -0.168952E-01   -0.209261E-01
    -0.387516E+01    0.111195E+01   -0.260836E+00   -0.173886E-01   -0.208182E-01
    -0.385518E+01    0.111266E+01   -0.261983E+00   -0.178946E-01   -0.207092E-01
    -0.383521E+01    0.111338E+01   -0.263145E+00   -0.184135E-01   -0.205991E-01
    -0.381523E+01    0.111410E+01   -0.264321E+00   -0.189455E-01   -0.204879E-01
    -0.379526E+01    0.111483E+01   -0.265511E+00   -0.194911E-01   -0.203755E-01
    -0.377528E+01    0.111556E+01   -0.266717E+00   -0.200507E-01   -0.202621E-01
    -0.375531E+01    0.111631E+01   -0.267938E+00   -0.206246E-01   -0.201476E-01
    -0.373533E+01    0.111705E+01   -0.269174E+00   -0.212132E-01   -0.200319E-01
    -0.371536E+01    0.111781E+01   -0.270426E+00   -0.218169E-01   -0.199151E-01
    -0.369538E+01    0.111857E+01   -0.271693E+00   -0.224362E-01   -0.197972E-01
    -0.367541E+01    0.111934E+01   -0.272977E+00   -0.230715E-01   -0.196782E-01
    -0.365543E+01    0.112011E+01   -0.274278E+00   -0.237232E-01   -0.195580E-01
    -0.363546E+01    0.112090E+01   -0.275595E+00   -0.243919E-01   -0.194367E-01
    -0.361548E+01    0.112169E+01   -0.276928E+00   -0.250779E-01   -0.193143E-01
    -0.359551E+01    0.112249E+01   -0.278280E+00   -0.257819E-01   -0.191908E-01
    -0.357553E+01    0.112330E+01   -0.279648E+00   -0.265043E-01   -0.190661E-01
    -0.355556E+01    0.112411E+01   -0.281035E+00   -0.272457E-01   -0.189402E-01
    -0.353558E+01    0.112494E+01   -0.282440E+00   -0.280067E-01   -0.188133E-01
    -0.351561E+01    0.112578E+01   -0.283863E+00   -0.287878E-01   -0.186851E-01
    -0.349563E+01    0.112662E+01   -0.285305E+00   -0.295897E-01   -0.185559E-01
    -0.347566E+01    0.112748E+01   -0.286766E+00   -0.304129E-01   -0.184255E-01
    -0.345568E+01    0.112835E+01   -0.288247E+00   -0.312581E-01   -0.182939E-01
    -0.343571E+01    0.112923E+01   -0.289747E+00   -0.321261E-01   -0.181612E-01
    -0.341573E+01    0.113012E+01   -0.291267E+00   -0.330174E-01   -0.180273E-01
    -0.339576E+01    0.113102E+01   -0.292808E+00   -0.339330E-01   -0.178922E-01
    -0.337578E+01    0.113193E+01   -0.294370E+00   -0.348734E-01   -0.177560E-01
    -0.335581E+01    0.113286E+01   -0.295953E+00   -0.358395E-01   -0.176186E-01
    -0.333583E+01    0.113380E+01   -0.297557E+00   -0.368322E-01   -0.174800E-01
    -0.331586E+01    0.113476E+01   -0.299183E+00   -0.378522E-01   -0.173403E-01
    -0.329588E+01    0.113573E+01   -0.300832E+00   -0.389005E-01   -0.171993E-01
    -0.327591E+01    0.113671E+01   -0.302503E+00   -0.399781E-01   -0.170570E-01
    -0.325593E+01    0.113771E+01   -0.304197E+00   -0.410858E-01   -0.169136E-01
    -0.323596E+01    0.113873E+01   -0.305915E+00   -0.422246E-01   -0.167688E-01
    -0.321598E+01    0.113976E+01   -0.307656E+00   -0.433957E-01   -0.166227E-01
    -0.319600E+01    0.114081E+01   -0.309422E+00   -0.446002E-01   -0.164752E-01
    -0.317603E+01    0.114188E+01   -0.311213E+00   -0.458390E-01   -0.163263E-01
    -0.315605E+01    0.114297E+01   -0.313029E+00   -0.471136E-01   -0.161757E-01
    -0.313608E+01    0.114408E+01   -0.314870E+00   -0.484250E-01   -0.160235E-01
    -0.311610E+01    0.114520E+01   -0.316738E+00   -0.497746E-01   -0.158695E-01
    -0.309613E+01    0.114635E+01   -0.318632E+00   -0.511638E-01   -0.157134E-01
    -0.307615E+01    0.114752E+01   -0.320553E+00   -0.525939E-01   -0.155549E-01
    -0.305618E+01    0.114872E+01   -0.322501E+00   -0.540664E-01   -0.153937E-01
    -0.303620E+01    0.114994E+01   -0.324477E+00   -0.555829E-01   -0.152293E-01
    -0.301623E+01    0.115118E+01   -0.326481E+00   -0.571450E-01   -0.150611E-01
    -0.299625E+01    0.115245E+01   -0.328514E+00   -0.587543E-01   -0.148882E-01
    -0.297628E+01    0.115375E+01   -0.330577E+00   -0.604126E-01   -0.147097E-01
    -0.295630E+01    0.115508E+01   -0.332669E+00   -0.621218E-01   -0.145241E-01
    -0.293633E+01    0.115643E+01   -0.334790E+00   -0.638838E-01   -0.143297E-01
    -0.291635E+01    0.115782E+01   -0.336943E+00   -0.657006E-01   -0.141243E-01
    -0.289638E+01    0.115924E+01   -0.339126E+00   -0.675743E-01   -0.139050E-01
    -0.287640E+01    0.116069E+01   -0.341340E+00   -0.695072E-01   -0.136681E-01
    -0.285643E+01    0.116218E+01   -0.343586E+00   -0.715015E-01   -0.134089E-01
    -0.283645E+01    0.116370E+01   -0.345864E+00   -0.735597E-01   -0.131214E-01
    -0.281648E+01    0.116526E+01   -0.348173E+00   -0.756843E-01   -0.127979E-01
    -0.279650E+01    0.116685E+01   -0.350515E+00   -0.778780E-01   -0.124288E-01
    -0.277653E+01    0.116849E+01   -0.352888E+00   -0.801436E-01   -0.120018E-01
    -0.275655E+01    0.117017E+01   -0.355293E+00   -0.824841E-01   -0.115016E-01
    -0.273658E+01    0.117189E+01   -0.357730E+00   -0.849025E-01   -0.109086E-01
    -0.271660E+01    0.117365E+01   -0.360198E+00   -0.874020E-01   -0.101986E-01
    -0.269663E+01    0.117545E+01   -0.362695E+00   -0.899860E-01   -0.934116E-02
    -0.267665E+01    0.117730E+01   -0.365222E+00   -0.926581E-01   -0.829857E-02
    -0.265668E+01    0.117919E+01   -0.367775E+00   -0.954219E-01   -0.702389E-02
    -0.263670E+01    0.118112E+01   -0.370354E+00   -0.982814E-01   -0.545921E-02
    -0.261673E+01    0.118309E+01   -0.372954E+00   -0.101241E+00   -0.353321E-02
    -0.259675E+01    0.118510E+01   -0.375574E+00   -0.104304E+00   -0.115853E-02
    -0.257678E+01    0.118714E+01   -0.378207E+00   -0.107475E+00    0.177144E-02
    -0.255680E+01    0.118921E+01   -0.380849E+00   -0.110759E+00    0.538612E-02
    -0.253683E+01    0.119130E+01   -0.383492E+00   -0.114161E+00    0.984187E-02
    -0.251685E+01    0.119341E+01   -0.386128E+00   -0.117686E+00    0.153266E-01
    -0.249688E+01    0.119550E+01   -0.388746E+00   -0.121338E+00    0.220647E-01
    -0.247690E+01    0.119759E+01   -0.391332E+00   -0.125123E+00    0.303228E-01
    -0.245693E+01    0.119963E+01   -0.393871E+00   -0.129045E+00    0.404151E-01
    -0.243695E+01    0.120161E+01   -0.396345E+00   -0.133112E+00    0.527095E-01
    -0.241698E+01    0.120349E+01   -0.398730E+00   -0.137326E+00    0.676335E-01
    -0.239700E+01    0.120524E+01   -0.400999E+00   -0.141695E+00    0.856792E-01
    -0.237703E+01    0.120680E+01   -0.403120E+00   -0.146222E+00    0.107408E+00
    -0.235705E+01    0.120813E+01   -0.405058E+00   -0.150913E+00    0.133453E+00
    -0.233708E+01    0.120915E+01   -0.406768E+00   -0.155772E+00    0.164522E+00
    -0.231710E+01    0.120979E+01   -0.408201E+00   -0.160803E+00    0.201390E+00
    -0.229713E+01    0.120995E+01   -0.409300E+00   -0.166009E+00    0.244900E+00
    -0.227715E+01    0.120953E+01   -0.410002E+00   -0.171392E+00    0.295948E+00
    -0.225718E+01    0.120839E+01   -0.410235E+00   -0.176953E+00    0.355465E+00
    -0.223720E+01    0.120640E+01   -0.409920E+00   -0.182692E+00    0.424395E+00
    -0.221723E+01    0.120340E+01   -0.408970E+00   -0.188605E+00    0.503662E+00
    -0.219725E+01    0.119920E+01   -0.407294E+00   -0.194689E+00    0.594129E+00
    -0.217728E+01    0.119361E+01   -0.404794E+00   -0.200938E+00    0.696547E+00
    -0.215730E+01    0.118641E+01   -0.401368E+00   -0.207340E+00    0.811498E+00
    -0.213733E+01    0.117738E+01   -0.396914E+00   -0.213885E+00    0.939327E+00
    -0.211735E+01    0.116628E+01   -0.391331E+00   -0.220556E+00    0.108007E+01
    -0.209738E+01    0.115286E+01   -0.384523E+00   -0.227334E+00    0.123339E+01
    -0.207740E+01    0.113687E+01   -0.376406E+00   -0.234196E+00    0.139849E+01
    -0.205743E+01    0.111807E+01   -0.366907E+00   -0.241118E+00    0.157406E+01
    -0.203745E+01    0.109625E+01   -0.355973E+00   -0.248070E+00    0.175823E+01
    -0.201748E+01    0.107120E+01   -0.343578E+00   -0.255020E+00    0.194854E+01
    -0.199750E+01    0.104275E+01   -0.329722E+00   -0.261937E+00    0.214193E+01
    -0.197753E+01    0.101080E+01   -0.314440E+00   -0.268785E+00    0.233480E+01
    -0.195755E+01    0.975287E+00   -0.297807E+00   -0.275531E+00    0.252308E+01
    -0.193758E+01    0.936216E+00   -0.279933E+00   -0.282142E+00    0.270233E+01
    -0.191760E+01    0.893677E+00   -0.260973E+00   -0.288588E+00    0.286790E+01
    -0.189763E+01    0.847842E+00   -0.241119E+00   -0.294842E+00    0.301512E+01
    -0.187765E+01    0.798966E+00   -0.220601E+00   -0.300882E+00    0.313949E+01
    -0.185768E+01    0.747391E+00   -0.199677E+00   -0.306690E+00    0.323693E+01
    -0.183770E+01    0.693545E+00   -0.178631E+00   -0.312256E+00    0.330393E+01
    -0.181773E+01    0.637928E+00   -0.157759E+00   -0.317573E+00    0.333778E+01
    -0.179775E+01    0.581105E+00   -0.137361E+00   -0.322641E+00    0.333663E+01
    -0.177778E+01    0.523694E+00   -0.117730E+00   -0.327462E+00    0.329963E+01
    -0.175780E+01    0.466350E+00   -0.991399E-01   -0.332044E+00    0.322693E+01
    -0.173783E+01    0.409742E+00   -0.818362E-01   -0.336393E+00    0.311958E+01
    -0.171785E+01    0.354548E+00   -0.660253E-01   -0.340518E+00    0.297948E+01
    -0.169788E+01    0.301429E+00   -0.518679E-01   -0.344424E+00    0.280918E+01
    -0.167790E+01    0.251018E+00   -0.394736E-01   -0.348115E+00    0.261173E+01
    -0.165793E+01    0.203913E+00   -0.288973E-01   -0.351589E+00    0.239045E+01
    -0.163795E+01    0.160660E+00   -0.201383E-01   -0.354841E+00    0.214877E+01
    -0.161798E+01    0.121754E+00   -0.131409E-01   -0.357861E+00    0.189004E+01
    -0.159800E+01    0.876273E-01   -0.779767E-02   -0.360635E+00    0.161740E+01
    -0.157803E+01    0.586559E-01   -0.395289E-02   -0.363147E+00    0.133372E+01
    -0.155805E+01    0.351532E-01   -0.140852E-02   -0.365377E+00    0.104152E+01
    -0.153808E+01    0.173729E-01    0.573800E-04   -0.367347E+00    0.743000E+00
    -0.151810E+01    0.550978E-02    0.617915E-03   -0.369121E+00    0.440376E+00
    -0.149813E+01    0.000000E+00    0.139040E-03   -0.211150E+00    0.338716E-01
    -0.147815E+01    0.000000E+00    0.000000E+00   -0.213498E+00    0.000000E+00
    -0.145818E+01    0.000000E+00    0.000000E+00   -0.215870E+00    0.000000E+00
    -0.143820E+01    0.000000E+00    0.000000E+00   -0.218255E+00    0.000000E+00
    -0.141823E+01    0.000000E+00    0.000000E+00   -0.220641E+00    0.000000E+00
    -0.139825E+01    0.000000E+00    0.000000E+00   -0.223015E+00    0.000000E+00
    -0.137828E+01    0.000000E+00    0.000000E+00   -0.225367E+00    0.000000E+00
    -0.135830E+01    0.000000E+00    0.000000E+00   -0.227686E+00    0.000000E+00
    -0.133833E+01    0.000000E+00    0.000000E+00   -0.229962E+00    0.000000E+00
    -0.131835E+01    0.000000E+00    0.000000E+00   -0.232185E+00    0.000000E+00
    -0.129838E+01    0.000000E+00    0.000000E+00   -0.234346E+00    0.000000E+00
    -0.127840E+01    0.000000E+00    0.000000E+00   -0.236438E+00    0.000000E+00
    -0.125843E+01    0.000000E+00    0.000000E+00   -0.238453E+00    0.000000E+00
    -0.123845E+01    0.000000E+00    0.000000E+00   -0.240385E+00    0.000000E+00
    -0.121848E+01    0.000000E+00    0.000000E+00   -0.242230E+00    0.000000E+00
    -0.119850E+01    0.000000E+00    0.000000E+00   -0.243982E+00    0.000000E+00
    -0.117853E+01    0.000000E+00    0.000000E+00   -0.245638E+00    0.000000E+00
    -0.115855E+01    0.000000E+00    0.000000E+00   -0.247194E+00    0.000000E+00
    -0.113858E+01    0.000000E+00    0.000000E+00   -0.248649E+00    0.000000E+00
    -0.111860E+01    0.000000E+00    0.000000E+00   -0.249999E+00    0.000000E+00
    -0.109863E+01    0.000000E+00    0.000000E+00   -0.251245E+00    0.000000E+00
    -0.107865E+01    0.000000E+00    0.000000E+00   -0.252383E+00    0.000000E+00
    -0.105868E+01    0.000000E+00    0.000000E+00   -0.253415E+00    0.000000E+00
    -0.103870E+01    0.000000E+00    0.000000E+00   -0.254338E+00    0.000000E+00
    -0.101873E+01    0.000000E+00    0.000000E+00   -0.255153E+00    0.000000E+00
    -0.998752E+00    0.000000E+00    0.000000E+00   -0.255859E+00    0.000000E+00
    -0.978777E+00    0.000000E+00    0.000000E+00   -0.256456E+00    0.000000E+00
    -0.958801E+00    0.000000E+00    0.000000E+00   -0.256945E+00    0.000000E+00
    -0.938826E+00    0.000000E+00    0.000000E+00   -0.257325E+00    0.000000E+00
    -0.918851E+00    0.000000E+00    0.000000E+00   -0.257596E+00    0.000000E+00
    -0.898876E+00    0.000000E+00    0.000000E+00   -0.257759E+00    0.000000E+00
    -0.878901E+00    0.000000E+00    0.000000E+00   -0.257815E+00    0.000000E+00
    -0.858926E+00    0.000000E+00    0.000000E+00   -0.257764E+00    0.000000E+00
    -0.838951E+00    0.000000E+00    0.000000E+00   -0.257607E+00    0.000000E+00
    -0.818976E+00    0.000000E+00    0.000000E+00   -0.257346E+00    0.000000E+00
    -0.799001E+00    0.000000E+00    0.000000E+00   -0.256981E+00    0.000000E+00
    -0.779026E+00    0.000000E+00    0.000000E+00   -0.256515E+00    0.000000E+00
    -0.759051E+00    0.000000E+00    0.000000E+00   -0.255950E+00    0.000000E+00
    -0.739076E+00    0.000000E+00    0.000000E+00   -0.255289E+00    0.000000E+00
    -0.719101E+00    0.000000E+00    0.000000E+00   -0.254536E+00    0.000000E+00
    -0.699126E+00    0.000000E+00    0.000000E+00   -0.253696E+00    0.000000E+00
    -0.679151E+00    0.000000E+00    0.000000E+00   -0.252773E+00    0.000000E+00
    -0.659176E+00    0.000000E+00    0.000000E+00   -0.251773E+00    0.000000E+00
    -0.639201E+00    0.000000E+00    0.000000E+00   -0.250704E+00    0.000000E+00
    -0.619226E+00    0.000000E+00    0.000000E+00   -0.249572E+00    0.000000E+00
    -0.599251E+00    0.000000E+00    0.000000E+00   -0.248387E+00    0.000000E+00
    -0.579276E+00    0.000000E+00    0.000000E+00   -0.247156E+00    0.000000E+00
    -0.559301E+00    0.000000E+00    0.000000E+00   -0.245891E+00    0.000000E+00
    -0.539326E+00    0.000000E+00    0.000000E+00   -0.244601E+00    0.000000E+00
    -0.519351E+00    0.000000E+00    0.000000E+00   -0.243297E+00    0.131867E-02
    -0.499376E+00    0.322053E-02    0.182735E-04   -0.125746E+00   -0.521976E+01
    -0.479401E+00    0.106302E+00   -0.573735E-04   -0.125187E+00   -0.507115E+01
    -0.459426E+00    0.205813E+00    0.180204E-03   -0.124642E+00   -0.489169E+01
    -0.439451E+00    0.301622E+00    0.706547E-03   -0.124017E+00   -0.470710E+01
    -0.419476E+00    0.393562E+00    0.157340E-02   -0.123248E+00   -0.451516E+01
    -0.399501E+00    0.481408E+00    0.282016E-02   -0.122327E+00   -0.431328E+01
    -0.379526E+00    0.564889E+00    0.445321E-02   -0.121241E+00   -0.409918E+01
    -0.359551E+00    0.643702E+00    0.644276E-02   -0.119979E+00   -0.387125E+01
    -0.339576E+00    0.717532E+00    0.872309E-02   -0.118530E+00   -0.362893E+01
    -0.319600E+00    0.786079E+00    0.111962E-01   -0.116890E+00   -0.337296E+01
    -0.299625E+00    0.849093E+00    0.137391E-01   -0.115063E+00   -0.310537E+01
    -0.279650E+00    0.906390E+00    0.162131E-01   -0.113062E+00   -0.282944E+01
    -0.259675E+00    0.957884E+00    0.184752E-01   -0.110911E+00   -0.254943E+01
    -0.239700E+00    0.100359E+01    0.203891E-01   -0.108644E+00   -0.227012E+01
    -0.219725E+00    0.104364E+01    0.218351E-01   -0.106301E+00   -0.199647E+01
    -0.199750E+00    0.107827E+01    0.227180E-01   -0.103932E+00   -0.173307E+01
    -0.179775E+00    0.110778E+01    0.229717E-01   -0.101589E+00   -0.148384E+01
    -0.159800E+00    0.113256E+01    0.225619E-01   -0.993248E-01   -0.125172E+01
    -0.139825E+00    0.115305E+01    0.214851E-01   -0.971918E-01   -0.103852E+01
    -0.119850E+00    0.116967E+01    0.197668E-01   -0.952390E-01   -0.844848E+00
    -0.998752E-01    0.118288E+01    0.174572E-01   -0.935107E-01   -0.670177E+00
    -0.799001E-01    0.119306E+01    0.146273E-01   -0.920451E-01   -0.512938E+00
    -0.599251E-01    0.120059E+01    0.113642E-01   -0.908741E-01   -0.370686E+00
    -0.399501E-01    0.120575E+01    0.776682E-02   -0.900223E-01   -0.240273E+00
    -0.199750E-01    0.120876E+01    0.394245E-02   -0.895077E-01   -0.118034E+00
     0.242861E-16    0.120974E+01    0.337515E-05   -0.893408E-01    0.331941E-04
     0.199750E-01    0.120875E+01   -0.393566E-02   -0.895252E-01    0.118101E+00
     0.399501E-01    0.120575E+01   -0.775990E-02   -0.900573E-01    0.240341E+00
     0.599251E-01    0.120059E+01   -0.113570E-01   -0.909266E-01    0.370757E+00
     0.799001E-01    0.119306E+01   -0.146199E-01   -0.921153E-01    0.513012E+00
     0.998752E-01    0.118287E+01   -0.174494E-01   -0.935987E-01    0.670253E+00
     0.119850E+00    0.116966E+01   -0.197586E-01   -0.953450E-01    0.844926E+00
     0.139825E+00    0.115303E+01   -0.214766E-01   -0.973159E-01    0.103860E+01
     0.159800E+00    0.113255E+01   -0.225530E-01   -0.994673E-01    0.125180E+01
     0.179775E+00    0.110776E+01   -0.229624E-01   -0.101750E+00    0.148391E+01
     0.199750E+00    0.107825E+01   -0.227083E-01   -0.104113E+00    0.173313E+01
     0.219725E+00    0.104363E+01   -0.218252E-01   -0.106501E+00    0.199653E+01
     0.239700E+00    0.100357E+01   -0.203789E-01   -0.108864E+00    0.227017E+01
     0.259675E+00    0.957862E+00   -0.184648E-01   -0.111152E+00    0.254945E+01
     0.279650E+00    0.906367E+00   -0.162027E-01   -0.113324E+00    0.282945E+01
     0.299625E+00    0.849070E+00   -0.137287E-01   -0.115347E+00    0.310535E+01
     0.319600E+00    0.786057E+00   -0.111859E-01   -0.117197E+00    0.337292E+01
     0.339576E+00    0.717509E+00   -0.871283E-02   -0.118860E+00    0.362887E+01
     0.359551E+00    0.643681E+00   -0.643266E-02   -0.120334E+00    0.387116E+01
     0.379526E+00    0.564870E+00   -0.444331E-02   -0.121622E+00    0.409907E+01
     0.399501E+00    0.481390E+00   -0.281047E-02   -0.122734E+00    0.431315E+01
     0.419476E+00    0.393547E+00   -0.156392E-02   -0.123683E+00    0.451501E+01
     0.439451E+00    0.301611E+00   -0.697277E-03   -0.124481E+00    0.470693E+01
     0.459426E+00    0.205805E+00   -0.171104E-03   -0.125137E+00    0.489149E+01
     0.479401E+00    0.106298E+00    0.656123E-04   -0.125716E+00    0.507095E+01
     0.499376E+00    0.322041E-02   -0.185334E-04   -0.126318E+00    0.521963E+01
     0.519351E+00    0.000000E+00    0.000000E+00   -0.244089E+00   -0.132033E-02
     0.539326E+00    0.000000E+00    0.000000E+00   -0.245479E+00    0.000000E+00
     0.559301E+00    0.000000E+00    0.000000E+00   -0.246850E+00    0.000000E+00
     0.579276E+00    0.000000E+00    0.000000E+00   -0.248192E+00    0.000000E+00
     0.599251E+00    0.000000E+00    0.000000E+00   -0.249496E+00    0.000000E+00
     0.619226E+00    0.000000E+00    0.000000E+00   -0.250751E+00    0.000000E+00
     0.639201E+00    0.000000E+00    0.000000E+00   -0.251949E+00    0.000000E+00
     0.659176E+00    0.000000E+00    0.000000E+00   -0.253082E+00    0.000000E+00
     0.679151E+00    0.000000E+00    0.000000E+00   -0.254142E+00    0.000000E+00
     0.699126E+00    0.000000E+00    0.000000E+00   -0.255123E+00    0.000000E+00
     0.719101E+00    0.000000E+00    0.000000E+00   -0.256018E+00    0.000000E+00
     0.739076E+00    0.000000E+00    0.000000E+00   -0.256824E+00    0.000000E+00
     0.759051E+00    0.000000E+00    0.000000E+00   -0.257537E+00    0.000000E+00
     0.779026E+00    0.000000E+00    0.000000E+00   -0.258151E+00    0.000000E+00
     0.799001E+00    0.000000E+00    0.000000E+00   -0.258666E+00    0.000000E+00
     0.818976E+00    0.000000E+00    0.000000E+00   -0.259078E+00    0.000000E+00
     0.838951E+00    0.000000E+00    0.000000E+00   -0.259386E+00    0.000000E+00
     0.858926E+00    0.000000E+00    0.000000E+00   -0.259589E+00    0.000000E+00
     0.878901E+00    0.000000E+00    0.000000E+00   -0.259685E+00    0.000000E+00
     0.898876E+00    0.000000E+00    0.000000E+00   -0.259674E+00    0.000000E+00
     0.918851E+00    0.000000E+00    0.000000E+00   -0.259554E+00    0.000000E+00
     0.938826E+00    0.000000E+00    0.000000E+00   -0.259327E+00    0.000000E+00
     0.958801E+00    0.000000E+00    0.000000E+00   -0.258991E+00    0.000000E+00
     0.978777E+00    0.000000E+00    0.000000E+00   -0.258546E+00    0.000000E+00
     0.998752E+00    0.000000E+00    0.000000E+00   -0.257993E+00    0.000000E+00
     0.101873E+01    0.000000E+00    0.000000E+00   -0.257331E+00    0.000000E+00
     0.103870E+01    0.000000E+00    0.000000E+00   -0.256560E+00    0.000000E+00
     0.105868E+01    0.000000E+00    0.000000E+00   -0.255682E+00    0.000000E+00
     0.107865E+01    0.000000E+00    0.000000E+00   -0.254696E+00    0.000000E+00
     0.109863E+01    0.000000E+00    0.000000E+00   -0.253603E+00    0.000000E+00
     0.111860E+01    0.000000E+00    0.000000E+00   -0.252404E+00    0.000000E+00
     0.113858E+01    0.000000E+00    0.000000E+00   -0.251100E+00    0.000000E+00
     0.115855E+01    0.000000E+00    0.000000E+00   -0.249694E+00    0.000000E+00
     0.117853E+01    0.000000E+00    0.000000E+00   -0.248186E+00    0.000000E+00
     0.119850E+01    0.000000E+00    0.000000E+00   -0.246580E+00    0.000000E+00
     0.121848E+01    0.000000E+00    0.000000E+00   -0.244878E+00    0.000000E+00
     0.123845E+01    0.000000E+00    0.000000E+00   -0.243085E+00    0.000000E+00
     0.125843E+01    0.000000E+00    0.000000E+00   -0.241205E+00    0.000000E+00
     0.127840E+01    0.000000E+00    0.000000E+00   -0.239243E+00    0.000000E+00
     0.129838E+01    0.000000E+00    0.000000E+00   -0.237206E+00    0.000000E+00
     0.131835E+01    0.000000E+00    0.000000E+00   -0.235100E+00    0.000000E+00
     0.133833E+01    0.000000E+00    0.000000E+00   -0.232934E+00    0.000000E+00
     0.135830E+01    0.000000E+00    0.000000E+00   -0.230717E+00    0.000000E+00
     0.137828E+01    0.000000E+00    0.000000E+00   -0.228457E+00    0.000000E+00
     0.139825E+01    0.000000E+00    0.000000E+00   -0.226165E+00    0.000000E+00
     0.141823E+01    0.000000E+00    0.000000E+00   -0.223852E+00    0.000000E+00
     0.143820E+01    0.000000E+00    0.000000E+00   -0.221528E+00    0.000000E+00
     0.145818E+01    0.000000E+00    0.000000E+00   -0.219206E+00    0.000000E+00
     0.147815E+01    0.000000E+00    0.000000E+00   -0.216897E+00    0.000000E+00
     0.149813E+01    0.000000E+00   -0.135014E-03   -0.214614E+00   -0.339008E-01
     0.151810E+01    0.551936E-02   -0.600002E-03   -0.369557E+00   -0.440931E+00
     0.153808E+01    0.173924E-01   -0.365448E-04   -0.367808E+00   -0.743527E+00
     0.155805E+01    0.351817E-01    0.143061E-02   -0.365858E+00   -0.104200E+01
     0.157803E+01    0.586927E-01    0.397633E-02   -0.363647E+00   -0.133418E+01
     0.159800E+01    0.876715E-01    0.782271E-02   -0.361152E+00   -0.161782E+01
     0.161798E+01    0.121804E+00    0.131678E-01   -0.358394E+00   -0.189042E+01
     0.163795E+01    0.160717E+00    0.201671E-01   -0.355388E+00   -0.214912E+01
     0.165793E+01    0.203975E+00    0.289283E-01   -0.352149E+00   -0.239077E+01
     0.167790E+01    0.251084E+00    0.395067E-01   -0.348686E+00   -0.261201E+01
     0.169788E+01    0.301498E+00    0.519030E-01   -0.345006E+00   -0.280942E+01
     0.171785E+01    0.354620E+00    0.660624E-01   -0.341108E+00   -0.297967E+01
     0.173783E+01    0.409816E+00    0.818752E-01   -0.336991E+00   -0.311973E+01
     0.175780E+01    0.466423E+00    0.991805E-01   -0.332649E+00   -0.322703E+01
     0.177778E+01    0.523768E+00    0.117772E+00   -0.328073E+00   -0.329969E+01
     0.179775E+01    0.581177E+00    0.137404E+00   -0.323256E+00   -0.333663E+01
     0.181773E+01    0.637998E+00    0.157802E+00   -0.318192E+00   -0.333774E+01
     0.183770E+01    0.693613E+00    0.178675E+00   -0.312878E+00   -0.330385E+01
     0.185768E+01    0.747456E+00    0.199721E+00   -0.307315E+00   -0.323680E+01
     0.187765E+01    0.799026E+00    0.220644E+00   -0.301508E+00   -0.313932E+01
     0.189763E+01    0.847897E+00    0.241162E+00   -0.295470E+00   -0.301491E+01
     0.191760E+01    0.893728E+00    0.261014E+00   -0.289216E+00   -0.286767E+01
     0.193758E+01    0.936261E+00    0.279972E+00   -0.282771E+00   -0.270208E+01
     0.195755E+01    0.975327E+00    0.297844E+00   -0.276159E+00   -0.252281E+01
     0.197753E+01    0.101084E+01    0.314476E+00   -0.269413E+00   -0.233452E+01
     0.199750E+01    0.104278E+01    0.329755E+00   -0.262564E+00   -0.214164E+01
     0.201748E+01    0.107122E+01    0.343609E+00   -0.255646E+00   -0.194825E+01
     0.203745E+01    0.109627E+01    0.356002E+00   -0.248694E+00   -0.175796E+01
     0.205743E+01    0.111809E+01    0.366933E+00   -0.241741E+00   -0.157380E+01
     0.207740E+01    0.113688E+01    0.376429E+00   -0.234818E+00   -0.139824E+01
     0.209738E+01    0.115286E+01    0.384545E+00   -0.227953E+00   -0.123316E+01
     0.211735E+01    0.116628E+01    0.391350E+00   -0.221173E+00   -0.107986E+01
     0.213733E+01    0.117738E+01    0.396931E+00   -0.214500E+00   -0.939128E+00
     0.215730E+01    0.118641E+01    0.401383E+00   -0.207953E+00   -0.811318E+00
     0.217728E+01    0.119360E+01    0.404808E+00   -0.201548E+00   -0.696385E+00
     0.219725E+01    0.119919E+01    0.407306E+00   -0.195298E+00   -0.593985E+00
     0.221723E+01    0.120339E+01    0.408981E+00   -0.189211E+00   -0.503536E+00
     0.223720E+01    0.120639E+01    0.409929E+00   -0.183295E+00   -0.424284E+00
     0.225718E+01    0.120838E+01    0.410243E+00   -0.177554E+00   -0.355369E+00
     0.227715E+01    0.120952E+01    0.410009E+00   -0.171990E+00   -0.295865E+00
     0.229713E+01    0.120994E+01    0.409306E+00   -0.166604E+00   -0.244829E+00
     0.231710E+01    0.120978E+01    0.408206E+00   -0.161396E+00   -0.201330E+00
     0.233708E+01    0.120914E+01    0.406772E+00   -0.156362E+00   -0.164470E+00
     0.235705E+01    0.120812E+01    0.405062E+00   -0.151500E+00   -0.133410E+00
     0.237703E+01    0.120679E+01    0.403124E+00   -0.146806E+00   -0.107372E+00
     0.239700E+01    0.120522E+01    0.401002E+00   -0.142276E+00   -0.856492E-01
     0.241698E+01    0.120347E+01    0.398732E+00   -0.137904E+00   -0.676086E-01
     0.243695E+01    0.120159E+01    0.396347E+00   -0.133687E+00   -0.526889E-01
     0.245693E+01    0.119961E+01    0.393873E+00   -0.129617E+00   -0.403981E-01
     0.247690E+01    0.119757E+01    0.391334E+00   -0.125692E+00   -0.303088E-01
     0.249688E+01    0.119549E+01    0.388747E+00   -0.121904E+00   -0.220533E-01
     0.251685E+01    0.119339E+01    0.386129E+00   -0.118249E+00   -0.153172E-01
     0.253683E+01    0.119129E+01    0.383493E+00   -0.114722E+00   -0.983419E-02
     0.255680E+01    0.118920E+01    0.380850E+00   -0.111317E+00   -0.537984E-02
     0.257678E+01    0.118713E+01    0.378208E+00   -0.108029E+00   -0.176630E-02
     0.259675E+01    0.118509E+01    0.375574E+00   -0.104855E+00    0.116273E-02
     0.261673E+01    0.118308E+01    0.372955E+00   -0.101789E+00    0.353666E-02
     0.263670E+01    0.118111E+01    0.370354E+00   -0.988270E-01    0.546205E-02
     0.265668E+01    0.117918E+01    0.367775E+00   -0.959646E-01    0.702625E-02
     0.267665E+01    0.117729E+01    0.365222E+00   -0.931979E-01    0.830053E-02
     0.269663E+01    0.117544E+01    0.362695E+00   -0.905229E-01    0.934281E-02
     0.271660E+01    0.117364E+01    0.360198E+00   -0.879361E-01    0.102000E-01
     0.273658E+01    0.117188E+01    0.357730E+00   -0.854338E-01    0.109098E-01
     0.275655E+01    0.117016E+01    0.355293E+00   -0.830126E-01    0.115026E-01
     0.277653E+01    0.116848E+01    0.352888E+00   -0.806694E-01    0.120028E-01
     0.279650E+01    0.116684E+01    0.350515E+00   -0.784010E-01    0.124296E-01
     0.281648E+01    0.116525E+01    0.348173E+00   -0.762045E-01    0.127987E-01
     0.283645E+01    0.116369E+01    0.345864E+00   -0.740772E-01    0.131221E-01
     0.285643E+01    0.116217E+01    0.343586E+00   -0.720164E-01    0.134095E-01
     0.287640E+01    0.116068E+01    0.341340E+00   -0.700194E-01    0.136687E-01
     0.289638E+01    0.115923E+01    0.339126E+00   -0.680839E-01    0.139056E-01
     0.291635E+01    0.115781E+01    0.336943E+00   -0.662076E-01    0.141248E-01
     0.293633E+01    0.115642E+01    0.334790E+00   -0.643882E-01    0.143302E-01
     0.295630E+01    0.115507E+01    0.332668E+00   -0.626237E-01    0.145246E-01
     0.297628E+01    0.115374E+01    0.330576E+00   -0.609120E-01    0.147101E-01
     0.299625E+01    0.115244E+01    0.328514E+00   -0.592511E-01    0.148887E-01
     0.301623E+01    0.115117E+01    0.326481E+00   -0.576394E-01    0.150615E-01
     0.303620E+01    0.114993E+01    0.324476E+00   -0.560748E-01    0.152297E-01
     0.305618E+01    0.114871E+01    0.322500E+00   -0.545559E-01    0.153941E-01
     0.307615E+01    0.114752E+01    0.320552E+00   -0.530810E-01    0.155553E-01
     0.309613E+01    0.114634E+01    0.318631E+00   -0.516485E-01    0.157138E-01
     0.311610E+01    0.114519E+01    0.316737E+00   -0.502570E-01    0.158699E-01
     0.313608E+01    0.114407E+01    0.314870E+00   -0.489051E-01    0.160239E-01
     0.315605E+01    0.114296E+01    0.313028E+00   -0.475914E-01    0.161761E-01
     0.317603E+01    0.114187E+01    0.311212E+00   -0.463146E-01    0.163266E-01
     0.319600E+01    0.114080E+01    0.309422E+00   -0.450734E-01    0.164756E-01
     0.321598E+01    0.113975E+01    0.307656E+00   -0.438668E-01    0.166231E-01
     0.323596E+01    0.113872E+01    0.305914E+00   -0.426935E-01    0.167692E-01
     0.325593E+01    0.113770E+01    0.304196E+00   -0.415525E-01    0.169139E-01
     0.327591E+01    0.113670E+01    0.302502E+00   -0.404426E-01    0.170574E-01
     0.329588E+01    0.113572E+01    0.300831E+00   -0.393630E-01    0.171996E-01
     0.331586E+01    0.113475E+01    0.299182E+00   -0.383126E-01    0.173406E-01
     0.333583E+01    0.113380E+01    0.297556E+00   -0.372905E-01    0.174804E-01
     0.335581E+01    0.113285E+01    0.295952E+00   -0.362958E-01    0.176190E-01
     0.337578E+01    0.113193E+01    0.294369E+00   -0.353276E-01    0.177564E-01
     0.339576E+01    0.113101E+01    0.292807E+00   -0.343852E-01    0.178926E-01
     0.341573E+01    0.113011E+01    0.291267E+00   -0.334677E-01    0.180276E-01
     0.343571E+01    0.112922E+01    0.289746E+00   -0.325744E-01    0.181615E-01
     0.345568E+01    0.112834E+01    0.288246E+00   -0.317045E-01    0.182942E-01
     0.347566E+01    0.112747E+01    0.286765E+00   -0.308573E-01    0.184258E-01
     0.349563E+01    0.112662E+01    0.285304E+00   -0.300322E-01    0.185562E-01
     0.351561E+01    0.112577E+01    0.283862E+00   -0.292285E-01    0.186855E-01
     0.353558E+01    0.112494E+01    0.282439E+00   -0.284455E-01    0.188136E-01
     0.355556E+01    0.112411E+01    0.281034E+00   -0.276828E-01    0.189406E-01
     0.357553E+01    0.112329E+01    0.279648E+00   -0.269395E-01    0.190664E-01
     0.359551E+01    0.112248E+01    0.278279E+00   -0.262153E-01    0.191911E-01
     0.361548E+01    0.112168E+01    0.276928E+00   -0.255096E-01    0.193146E-01
     0.363546E+01    0.112089E+01    0.275594E+00   -0.248218E-01    0.194371E-01
     0.365543E+01    0.112011E+01    0.274277E+00   -0.241514E-01    0.195583E-01
     0.367541E+01    0.111933E+01    0.272976E+00   -0.234980E-01    0.196785E-01
     0.369538E+01    0.111856E+01    0.271692E+00   -0.228610E-01    0.197975E-01
     0.371536E+01    0.111780E+01    0.270425E+00   -0.222401E-01    0.199154E-01
     0.373533E+01    0.111705E+01    0.269173E+00   -0.216347E-01    0.200322E-01
     0.375531E+01    0.111630E+01    0.267937E+00   -0.210445E-01    0.201479E-01
     0.377528E+01    0.111556E+01    0.266716E+00   -0.204690E-01    0.202624E-01
     0.379526E+01    0.111483E+01    0.265510E+00   -0.199078E-01    0.203758E-01
     0.381523E+01    0.111410E+01    0.264320E+00   -0.193606E-01    0.204882E-01
     0.383521E+01    0.111337E+01    0.263144E+00   -0.188270E-01    0.205994E-01
     0.385518E+01    0.111266E+01    0.261982E+00   -0.183067E-01    0.207095E-01
     0.387516E+01    0.111195E+01    0.260835E+00   -0.177992E-01    0.208185E-01
     0.389513E+01    0.111124E+01    0.259701E+00   -0.173042E-01    0.209264E-01
     0.391511E+01    0.111054E+01    0.258582E+00   -0.168215E-01    0.210332E-01
     0.393508E+01    0.110984E+01    0.257476E+00   -0.163507E-01    0.211389E-01
     0.395506E+01    0.110915E+01    0.256383E+00   -0.158914E-01    0.212435E-01
     0.397503E+01    0.110847E+01    0.255304E+00   -0.154435E-01    0.213471E-01
     0.399501E+01    0.110778E+01    0.254237E+00   -0.150066E-01    0.214496E-01
     0.401498E+01    0.110711E+01    0.253184E+00   -0.145804E-01    0.215510E-01
     0.403496E+01    0.110643E+01    0.252143E+00   -0.141647E-01    0.216513E-01
     0.405493E+01    0.110576E+01    0.251114E+00   -0.137592E-01    0.217505E-01
     0.407491E+01    0.110510E+01    0.250097E+00   -0.133637E-01    0.218487E-01
     0.409488E+01    0.110444E+01    0.249093E+00   -0.129779E-01    0.219458E-01
     0.411486E+01    0.110378E+01    0.248100E+00   -0.126016E-01    0.220419E-01
     0.413483E+01    0.110313E+01    0.247120E+00   -0.122345E-01    0.221369E-01
     0.415481E+01    0.110247E+01    0.246150E+00   -0.118764E-01    0.222309E-01
     0.417478E+01    0.110183E+01    0.245192E+00   -0.115272E-01    0.223239E-01
     0.419476E+01    0.110118E+01    0.244245E+00   -0.111865E-01    0.224157E-01
     0.421473E+01    0.110054E+01    0.243310E+00   -0.108542E-01    0.225066E-01
     0.423471E+01    0.109990E+01    0.242385E+00   -0.105301E-01    0.225965E-01
     0.425468E+01    0.109927E+01    0.241471E+00   -0.102140E-01    0.226853E-01
     0.427466E+01    0.109864E+01    0.240567E+00   -0.990578E-02    0.227731E-01
     0.429463E+01    0.109801E+01    0.239674E+00   -0.960514E-02    0.228599E-01
     0.431461E+01    0.109738E+01    0.238791E+00   -0.931196E-02    0.229456E-01
     0.433458E+01    0.109676E+01    0.237918E+00   -0.902606E-02    0.230304E-01
     0.435456E+01    0.109614E+01    0.237056E+00   -0.874728E-02    0.231142E-01
     0.437453E+01    0.109552E+01    0.236203E+00   -0.847545E-02    0.231970E-01
     0.439451E+01    0.109490E+01    0.235360E+00   -0.821041E-02    0.232788E-01
     0.441448E+01    0.109429E+01    0.234527E+00   -0.795202E-02    0.233596E-01
     0.443446E+01    0.109368E+01    0.233703E+00   -0.770012E-02    0.234394E-01
     0.445443E+01    0.109307E+01    0.232888E+00   -0.745456E-02    0.235183E-01
     0.447441E+01    0.109246E+01    0.232083E+00   -0.721522E-02    0.235962E-01
     0.449438E+01    0.109186E+01    0.231287E+00   -0.698194E-02    0.236732E-01
     0.451436E+01    0.109125E+01    0.230500E+00   -0.675460E-02    0.237492E-01
     0.453433E+01    0.109065E+01    0.229721E+00   -0.653306E-02    0.238242E-01
     0.455431E+01    0.109005E+01    0.228952E+00   -0.631720E-02    0.238984E-01
     0.457428E+01    0.108946E+01    0.228191E+00   -0.610689E-02    0.239715E-01
     0.459426E+01    0.108886E+01    0.227439E+00   -0.590202E-02    0.240438E-01
     0.461423E+01    0.108827E+01    0.226695E+00   -0.570246E-02    0.241151E-01
     0.463421E+01    0.108767E+01    0.225960E+00   -0.550811E-02    0.241855E-01
     0.465418E+01    0.108708E+01    0.225233E+00   -0.531884E-02    0.242550E-01
     0.467416E+01    0.108649E+01    0.224514E+00   -0.513456E-02    0.243236E-01
     0.469413E+01    0.108591E+01    0.223803E+00   -0.495516E-02    0.243913E-01
     0.471411E+01    0.108532E+01    0.223100E+00   -0.478053E-02    0.244581E-01
     0.473408E+01    0.108474E+01    0.222405E+00   -0.461058E-02    0.245241E-01
     0.475406E+01    0.108415E+01    0.221718E+00   -0.444520E-02    0.245891E-01
     0.477403E+01    0.108357E+01    0.221038E+00   -0.428430E-02    0.246533E-01
     0.479401E+01    0.108299E+01    0.220366E+00   -0.412779E-02    0.247166E-01
     0.481398E+01    0.108241E+01    0.219702E+00   -0.397557E-02    0.247790E-01
     0.483396E+01    0.108184E+01    0.219045E+00   -0.382756E-02    0.248406E-01
     0.485393E+01    0.108126E+01    0.218395E+00   -0.368367E-02    0.249014E-01
     0.487391E+01    0.108069E+01    0.217752E+00   -0.354382E-02    0.249613E-01
     0.489388E+01    0.108011E+01    0.217117E+00   -0.340792E-02    0.250204E-01
     0.491386E+01    0.107954E+01    0.216489E+00   -0.327590E-02    0.250786E-01
     0.493383E+01    0.107897E+01    0.215868E+00   -0.314767E-02    0.251360E-01
     0.495381E+01    0.107840E+01    0.215253E+00   -0.302316E-02    0.251926E-01
     0.497378E+01    0.107783E+01    0.214646E+00   -0.290230E-02    0.252484E-01
     0.499376E+01    0.107726E+01    0.214045E+00   -0.278500E-02    0.253034E-01
     0.501373E+01    0.107669E+01    0.213451E+00   -0.267121E-02    0.253577E-01
     0.503371E+01    0.107613E+01    0.212864E+00   -0.256084E-02    0.254111E-01
     0.505368E+01    0.107556E+01    0.212283E+00   -0.245384E-02    0.254637E-01
     0.507366E+01    0.107500E+01    0.211709E+00   -0.235013E-02    0.255156E-01
     0.509363E+01    0.107444E+01    0.211142E+00   -0.224965E-02    0.255667E-01
     0.511361E+01    0.107387E+01    0.210580E+00   -0.215233E-02    0.256171E-01
     0.513358E+01    0.107331E+01    0.210025E+00   -0.205813E-02    0.256667E-01
     0.515356E+01    0.107275E+01    0.209476E+00   -0.196696E-02    0.257155E-01
     0.517353E+01    0.107219E+01    0.208934E+00   -0.187878E-02    0.257636E-01
     0.519351E+01    0.107163E+01    0.208397E+00   -0.179352E-02    0.258110E-01
     0.521348E+01    0.107108E+01    0.207866E+00   -0.171113E-02    0.258577E-01
     0.523346E+01    0.107052E+01    0.207342E+00   -0.163156E-02    0.259036E-01
     0.525343E+01    0.106996E+01    0.206823E+00   -0.155475E-02    0.259488E-01
     0.527341E+01    0.106941E+01    0.206311E+00   -0.148064E-02    0.259933E-01
     0.529338E+01    0.106885E+01    0.205804E+00   -0.140918E-02    0.260372E-01
     0.531336E+01    0.106830E+01    0.205303E+00   -0.134033E-02    0.260803E-01
     0.533333E+01    0.106774E+01    0.204807E+00   -0.127404E-02    0.261227E-01
     0.535331E+01    0.106719E+01    0.204318E+00   -0.121025E-02    0.261645E-01
     0.537328E+01    0.106664E+01    0.203833E+00   -0.114891E-02    0.262056E-01
     0.539326E+01    0.106609E+01    0.203355E+00   -0.108999E-02    0.262460E-01
     0.541323E+01    0.106554E+01    0.202882E+00   -0.103343E-02    0.262858E-01
     0.543321E+01    0.106499E+01    0.202414E+00   -0.979188E-03    0.263250E-01
     0.545318E+01    0.106444E+01    0.201952E+00   -0.927225E-03    0.263635E-01
     0.547316E+01    0.106389E+01    0.201495E+00   -0.877495E-03    0.264013E-01
     0.549313E+01    0.106334E+01    0.201043E+00   -0.829957E-03    0.264385E-01
     0.551311E+01    0.106279E+01    0.200597E+00   -0.784570E-03    0.264751E-01
     0.553308E+01    0.106225E+01    0.200156E+00   -0.741293E-03    0.265111E-01
     0.555306E+01    0.106170E+01    0.199720E+00   -0.700086E-03    0.265465E-01
     0.557303E+01    0.106115E+01    0.199289E+00   -0.660911E-03    0.265813E-01
     0.559301E+01    0.106061E+01    0.198863E+00   -0.623731E-03    0.266155E-01
     0.561298E+01    0.106006E+01    0.198443E+00   -0.588508E-03    0.266491E-01
     0.563296E+01    0.105952E+01    0.198027E+00   -0.555205E-03    0.266821E-01
     0.565293E+01    0.105898E+01    0.197616E+00   -0.523787E-03    0.267145E-01
     0.567291E+01    0.105843E+01    0.197210E+00   -0.494220E-03    0.267464E-01
     0.569288E+01    0.105789E+01    0.196810E+00   -0.466468E-03    0.267777E-01
     0.571286E+01    0.105735E+01    0.196413E+00   -0.440499E-03    0.268084E-01
     0.573283E+01    0.105681E+01    0.196022E+00   -0.416279E-03    0.268386E-01
     0.575281E+01    0.105627E+01    0.195636E+00   -0.393776E-03    0.268683E-01
     0.577278E+01    0.105573E+01    0.195254E+00   -0.372958E-03    0.268974E-01
     0.579276E+01    0.105518E+01    0.194877E+00   -0.353795E-03    0.269260E-01
     0.581273E+01    0.105465E+01    0.194504E+00   -0.336257E-03    0.269541E-01
     0.583271E+01    0.105411E+01    0.194136E+00   -0.320312E-03    0.269817E-01
     0.585268E+01    0.105357E+01    0.193773E+00   -0.305932E-03    0.270087E-01
     0.587266E+01    0.105303E+01    0.193414E+00   -0.293088E-03    0.270353E-01
     0.589263E+01    0.105249E+01    0.193060E+00   -0.281752E-03    0.270613E-01
     0.591261E+01    0.105195E+01    0.192710E+00   -0.271896E-03    0.270869E-01
     0.593258E+01    0.105142E+01    0.192365E+00   -0.263494E-03    0.271119E-01
     0.595256E+01    0.105088E+01    0.192024E+00   -0.256517E-03    0.271366E-01
     0.597253E+01    0.105034E+01    0.191687E+00   -0.250942E-03    0.271607E-01
     0.599251E+01    0.104981E+01    0.191355E+00   -0.246741E-03    0.271843E-01
     0.601248E+01    0.104927E+01    0.191027E+00   -0.243889E-03    0.272076E-01
     0.603246E+01    0.104874E+01    0.190704E+00   -0.242362E-03    0.272303E-01
     0.605243E+01    0.104820E+01    0.190384E+00   -0.242136E-03    0.272526E-01
     0.607241E+01    0.104767E+01    0.190069E+00   -0.243186E-03    0.272745E-01
     0.609238E+01    0.104713E+01    0.189759E+00   -0.245490E-03    0.272959E-01
     0.611236E+01    0.104660E+01    0.189452E+00   -0.249023E-03    0.273169E-01
     0.613233E+01    0.104607E+01    0.189149E+00   -0.253765E-03    0.273375E-01
     0.615231E+01    0.104553E+01    0.188851E+00   -0.259692E-03    0.273577E-01
     0.617228E+01    0.104500E+01    0.188557E+00   -0.266783E-03    0.273774E-01
     0.619226E+01    0.104447E+01    0.188266E+00   -0.275016E-03    0.273968E-01
     0.621223E+01    0.104394E+01    0.187980E+00   -0.284370E-03    0.274157E-01
     0.623221E+01    0.104341E+01    0.187698E+00   -0.294825E-03    0.274343E-01
     0.625218E+01    0.104287E+01    0.187420E+00   -0.306360E-03    0.274525E-01
     0.627216E+01    0.104234E+01    0.187146E+00   -0.318956E-03    0.274703E-01
     0.629213E+01    0.104181E+01    0.186876E+00   -0.332593E-03    0.274877E-01
     0.631211E+01    0.104128E+01    0.186609E+00   -0.347251E-03    0.275047E-01
     0.633208E+01    0.104075E+01    0.186347E+00   -0.362912E-03    0.275214E-01
     0.635206E+01    0.104022E+01    0.186088E+00   -0.379557E-03    0.275377E-01
     0.637203E+01    0.103969E+01    0.185834E+00   -0.397168E-03    0.275537E-01
     0.639201E+01    0.103917E+01    0.185583E+00   -0.415726E-03    0.275693E-01
     0.641199E+01    0.103864E+01    0.185336E+00   -0.435215E-03    0.275846E-01
     0.643196E+01    0.103811E+01    0.185093E+00   -0.455617E-03    0.275996E-01
     0.645194E+01    0.103758E+01    0.184854E+00   -0.476914E-03    0.276142E-01
     0.647191E+01    0.103705E+01    0.184618E+00   -0.499090E-03    0.276284E-01
     0.649189E+01    0.103652E+01    0.184386E+00   -0.522128E-03    0.276424E-01
     0.651186E+01    0.103600E+01    0.184158E+00   -0.546013E-03    0.276561E-01
     0.653184E+01    0.103547E+01    0.183933E+00   -0.570727E-03    0.276694E-01
     0.655181E+01    0.103494E+01    0.183713E+00   -0.596256E-03    0.276824E-01
     0.657179E+01    0.103442E+01    0.183495E+00   -0.622584E-03    0.276951E-01
     0.659176E+01    0.103389E+01    0.183282E+00   -0.649695E-03    0.277076E-01
     0.661174E+01    0.103337E+01    0.183072E+00   -0.677575E-03    0.277197E-01
     0.663171E+01    0.103284E+01    0.182866E+00   -0.706210E-03    0.277315E-01
     0.665169E+01    0.103231E+01    0.182663E+00   -0.735583E-03    0.277431E-01
     0.667166E+01    0.103179E+01    0.182464E+00   -0.765682E-03    0.277544E-01
     0.669164E+01    0.103126E+01    0.182269E+00   -0.796492E-03    0.277654E-01
     0.671161E+01    0.103074E+01    0.182077E+00   -0.827999E-03    0.277761E-01
     0.673159E+01    0.103021E+01    0.181888E+00   -0.860190E-03    0.277865E-01
     0.675156E+01    0.102969E+01    0.181704E+00   -0.893052E-03    0.277967E-01
     0.677154E+01    0.102917E+01    0.181522E+00   -0.926570E-03    0.278066E-01
     0.679151E+01    0.102864E+01    0.181344E+00   -0.960733E-03    0.278163E-01
     0.681149E+01    0.102812E+01    0.181170E+00   -0.995527E-03    0.278257E-01
     0.683146E+01    0.102760E+01    0.180999E+00   -0.103094E-02    0.278348E-01
     0.685144E+01    0.102707E+01    0.180832E+00   -0.106696E-02    0.278437E-01
     0.687141E+01    0.102655E+01    0.180667E+00   -0.110357E-02    0.278523E-01
     0.689139E+01    0.102603E+01    0.180507E+00   -0.114077E-02    0.278606E-01
     0.691136E+01    0.102550E+01    0.180350E+00   -0.117853E-02    0.278687E-01
     0.693134E+01    0.102498E+01    0.180196E+00   -0.121686E-02    0.278765E-01
     0.695131E+01    0.102446E+01    0.180045E+00   -0.125573E-02    0.278840E-01
     0.697129E+01    0.102394E+01    0.179898E+00   -0.129514E-02    0.278912E-01
     0.699126E+01    0.102342E+01    0.179755E+00   -0.133507E-02    0.278981E-01
     0.701124E+01    0.102289E+01    0.179614E+00   -0.137552E-02    0.279047E-01
     0.703121E+01    0.102237E+01    0.179477E+00   -0.141647E-02    0.279110E-01
     0.705119E+01    0.102185E+01    0.179343E+00   -0.145791E-02    0.279169E-01
     0.707116E+01    0.102133E+01    0.179213E+00   -0.149983E-02    0.279224E-01
     0.709114E+01    0.102081E+01    0.179086E+00   -0.154223E-02    0.279275E-01
     0.711111E+01    0.102029E+01    0.178962E+00   -0.158508E-02    0.279320E-01
     0.713109E+01    0.101977E+01    0.178842E+00   -0.162839E-02    0.279361E-01
     0.715106E+01    0.101925E+01    0.178725E+00   -0.167214E-02    0.279396E-01
     0.717104E+01    0.101873E+01    0.178611E+00   -0.171632E-02    0.279424E-01
     0.719101E+01    0.101821E+01    0.178500E+00   -0.176092E-02    0.279444E-01
     0.721099E+01    0.101769E+01    0.178393E+00   -0.180594E-02    0.279456E-01
     0.723096E+01    0.101717E+01    0.178288E+00   -0.185135E-02    0.279457E-01
     0.725094E+01    0.101665E+01    0.178187E+00   -0.189716E-02    0.279447E-01
     0.727091E+01    0.101613E+01    0.178090E+00   -0.194336E-02    0.279423E-01
     0.729089E+01    0.101561E+01    0.177995E+00   -0.198993E-02    0.279382E-01
     0.731086E+01    0.101510E+01    0.177904E+00   -0.203687E-02    0.279323E-01
     0.733084E+01    0.101458E+01    0.177816E+00   -0.208416E-02    0.279242E-01
     0.735081E+01    0.101406E+01    0.177731E+00   -0.213181E-02    0.279134E-01
     0.737079E+01    0.101354E+01    0.177649E+00   -0.217979E-02    0.278995E-01
     0.739076E+01    0.101303E+01    0.177571E+00   -0.222811E-02    0.278819E-01
     0.741074E+01    0.101251E+01    0.177495E+00   -0.227675E-02    0.278599E-01
     0.743071E+01    0.101200E+01    0.177423E+00   -0.232571E-02    0.278328E-01
     0.745069E+01    0.101148E+01    0.177354E+00   -0.237498E-02    0.277995E-01
     0.747066E+01    0.101097E+01    0.177288E+00   -0.242455E-02    0.277588E-01
     0.749064E+01    0.101046E+01    0.177225E+00   -0.247441E-02    0.277095E-01
     0.751061E+01    0.100995E+01    0.177165E+00   -0.252455E-02    0.276498E-01
     0.753059E+01    0.100944E+01    0.177109E+00   -0.257497E-02    0.275778E-01
     0.755056E+01    0.100893E+01    0.177055E+00   -0.262567E-02    0.274912E-01
     0.757054E+01    0.100842E+01    0.177005E+00   -0.267662E-02    0.273871E-01
     0.759051E+01    0.100792E+01    0.176957E+00   -0.272783E-02    0.272622E-01
     0.761049E+01    0.100742E+01    0.176913E+00   -0.277929E-02    0.271127E-01
     0.763046E+01    0.100692E+01    0.176871E+00   -0.283099E-02    0.269338E-01
     0.765044E+01    0.100643E+01    0.176833E+00   -0.288292E-02    0.267199E-01
     0.767041E+01    0.100594E+01    0.176797E+00   -0.293508E-02    0.264646E-01
     0.769039E+01    0.100545E+01    0.176764E+00   -0.298747E-02    0.261597E-01
     0.771036E+01    0.100498E+01    0.176735E+00   -0.304007E-02    0.257962E-01
     0.773034E+01    0.100451E+01    0.176708E+00   -0.309288E-02    0.253628E-01
     0.775031E+01    0.100405E+01    0.176683E+00   -0.314589E-02    0.248465E-01
     0.777029E+01    0.100360E+01    0.176662E+00   -0.319910E-02    0.242316E-01
     0.779026E+01    0.100317E+01    0.176642E+00   -0.325250E-02    0.234998E-01
     0.781024E+01    0.100275E+01    0.176626E+00   -0.330609E-02    0.226290E-01
     0.783021E+01    0.100235E+01    0.176611E+00   -0.335986E-02    0.215934E-01
     0.785019E+01    0.100197E+01    0.176599E+00   -0.341381E-02    0.203623E-01
     0.787016E+01    0.100162E+01    0.176589E+00   -0.346793E-02    0.188994E-01
     0.789014E+01    0.100131E+01    0.176581E+00   -0.352222E-02    0.171619E-01
     0.791011E+01    0.100103E+01    0.176575E+00   -0.357668E-02    0.150990E-01
     0.793009E+01    0.100079E+01    0.176570E+00   -0.363131E-02    0.126509E-01
     0.795006E+01    0.100061E+01    0.176566E+00   -0.368610E-02    0.974691E-02
     0.797004E+01    0.100049E+01    0.176563E+00   -0.374105E-02    0.630384E-02
     0.799001E+01    0.100044E+01    0.176561E+00   -0.379337E-02    0.216936E-02
