     0.500000E+00    0.100000E+01    0.000000E+00    0.000000E+00    0.000000E+00    0.000000E+00   -0.386567E-01    0.564293E-01    0.131051E+01   -0.310509E+00    0.105366E-02    0.105366E-02
     0.500000E+00    0.101562E+01    0.000000E+00    0.000000E+00    0.000000E+00    0.000000E+00   -0.392901E-01    0.516198E-01    0.130548E+01   -0.305481E+00    0.203143E-02    0.203143E-02
     0.500000E+00    0.103125E+01    0.000000E+00    0.000000E+00    0.000000E+00    0.000000E+00   -0.399541E-01    0.468830E-01    0.130164E+01   -0.301641E+00    0.293461E-02    0.293461E-02
     0.500000E+00    0.104688E+01    0.000000E+00    0.000000E+00    0.000000E+00    0.000000E+00   -0.406506E-01    0.421935E-01    0.129950E+01   -0.299496E+00    0.376418E-02    0.376418E-02
     0.500000E+00    0.106250E+01    0.000000E+00    0.000000E+00    0.000000E+00    0.000000E+00   -0.413793E-01    0.375238E-01    0.129882E+01   -0.298823E+00    0.452067E-02    0.452067E-02
     0.500000E+00    0.107812E+01    0.000000E+00    0.000000E+00    0.000000E+00    0.000000E+00   -0.421297E-01    0.328553E-01    0.129914E+01   -0.299140E+00    0.520428E-02    0.520428E-02
     0.500000E+00    0.109375E+01    0.000000E+00    0.000000E+00    0.000000E+00    0.000000E+00   -0.428869E-01    0.281757E-01    0.129965E+01   -0.299649E+00    0.581481E-02    0.581481E-02
     0.500000E+00    0.110938E+01    0.000000E+00    0.000000E+00    0.000000E+00    0.000000E+00   -0.436627E-01    0.234913E-01    0.130083E+01   -0.300833E+00    0.635219E-02    0.635219E-02
     0.500000E+00    0.112500E+01    0.000000E+00    0.000000E+00    0.000000E+00    0.000000E+00   -0.444655E-01    0.187746E-01    0.130345E+01   -0.303446E+00    0.681615E-02    0.681615E-02
     0.500000E+00    0.114062E+01    0.000000E+00    0.000000E+00    0.000000E+00    0.000000E+00   -0.452940E-01    0.140086E-01    0.130698E+01   -0.306982E+00    0.720614E-02    0.720614E-02
     0.500000E+00    0.115625E+01    0.000000E+00    0.000000E+00    0.000000E+00    0.000000E+00   -0.461386E-01    0.918145E-02    0.131100E+01   -0.311000E+00    0.752111E-02    0.752111E-02
     0.500000E+00    0.117188E+01    0.000000E+00    0.000000E+00    0.000000E+00    0.000000E+00   -0.470088E-01    0.428982E-02    0.131539E+01   -0.315392E+00    0.776017E-02    0.776017E-02
     0.500000E+00    0.118750E+01    0.000000E+00    0.000000E+00    0.000000E+00    0.000000E+00   -0.479181E-01   -0.674561E-03    0.132097E+01   -0.320967E+00    0.792222E-02    0.792222E-02
     0.500000E+00    0.120312E+01    0.000000E+00    0.000000E+00    0.000000E+00    0.000000E+00   -0.488837E-01   -0.574039E-02    0.132820E+01   -0.328197E+00    0.800596E-02    0.800596E-02
     0.500000E+00    0.121875E+01    0.000000E+00    0.000000E+00    0.000000E+00    0.000000E+00   -0.499149E-01   -0.109307E-01    0.133683E+01   -0.336828E+00    0.800969E-02    0.800969E-02
     0.500000E+00    0.123438E+01    0.000000E+00    0.000000E+00    0.000000E+00    0.000000E+00   -0.510196E-01   -0.162663E-01    0.134633E+01   -0.346330E+00    0.793113E-02    0.793113E-02
     0.500000E+00    0.125000E+01    0.000000E+00    0.000000E+00    0.000000E+00    0.000000E+00   -0.522402E-01   -0.217535E-01    0.135793E+01   -0.357932E+00    0.776803E-02    0.776803E-02
     0.500000E+00    0.126562E+01    0.000000E+00    0.000000E+00    0.000000E+00    0.000000E+00   -0.536252E-01   -0.274516E-01    0.137373E+01   -0.373734E+00    0.751759E-02    0.751759E-02
     0.500000E+00    0.128125E+01    0.000000E+00    0.000000E+00    0.000000E+00    0.000000E+00   -0.552282E-01   -0.334327E-01    0.139487E+01   -0.394872E+00    0.717634E-02    0.717634E-02
     0.500000E+00    0.129688E+01    0.000000E+00    0.000000E+00    0.000000E+00    0.000000E+00   -0.571163E-01   -0.397914E-01    0.142371E+01   -0.423713E+00    0.673876E-02    0.673876E-02
     0.500000E+00    0.131250E+01    0.000000E+00    0.000000E+00    0.000000E+00    0.000000E+00   -0.593847E-01   -0.466738E-01    0.146482E+01   -0.464824E+00    0.619783E-02    0.619783E-02
     0.500000E+00    0.132812E+01    0.000000E+00    0.000000E+00    0.000000E+00    0.000000E+00   -0.621229E-01   -0.543171E-01    0.153155E+01   -0.531546E+00    0.554348E-02    0.554348E-02
     0.500000E+00    0.134375E+01    0.000000E+00    0.000000E+00    0.000000E+00    0.000000E+00   -0.654148E-01   -0.632846E-01    0.163912E+01   -0.639124E+00    0.476010E-02    0.476010E-02
     0.500000E+00    0.135938E+01    0.000000E+00    0.000000E+00    0.000000E+00    0.000000E+00   -0.692622E-01   -0.742898E-01    0.180829E+01   -0.808291E+00    0.382469E-02    0.382469E-02
     0.500000E+00    0.137500E+01    0.000000E+00    0.000000E+00    0.000000E+00    0.000000E+00   -0.733836E-01   -0.885437E-01    0.207664E+01   -0.107664E+01    0.269315E-02    0.269315E-02
     0.500000E+00    0.139062E+01    0.000000E+00    0.000000E+00    0.000000E+00    0.000000E+00   -0.770077E-01   -0.107935E+00    0.251448E+01   -0.151448E+01    0.129955E-02    0.129955E-02
     0.500000E+00    0.140625E+01    0.000000E+00    0.000000E+00    0.000000E+00    0.000000E+00   -0.785469E-01   -0.135871E+00    0.321411E+01   -0.221411E+01   -0.461185E-03   -0.461185E-03
     0.500000E+00    0.142188E+01    0.000000E+00    0.000000E+00    0.000000E+00    0.000000E+00   -0.749219E-01   -0.177126E+00    0.422755E+01   -0.322755E+01   -0.273424E-02   -0.273424E-02
     0.500000E+00    0.143750E+01    0.000000E+00    0.000000E+00    0.000000E+00    0.000000E+00   -0.602464E-01   -0.236732E+00    0.558297E+01   -0.458297E+01   -0.579382E-02   -0.579382E-02
     0.500000E+00    0.145312E+01    0.000000E+00    0.000000E+00    0.000000E+00    0.000000E+00   -0.239181E-01   -0.320344E+00    0.723124E+01   -0.623124E+01   -0.997757E-02   -0.997757E-02
     0.500000E+00    0.146875E+01    0.000000E+00    0.000000E+00    0.000000E+00    0.000000E+00    0.415221E-01   -0.431459E+00    0.870891E+01   -0.770891E+01   -0.156836E-01   -0.156836E-01
     0.500000E+00    0.148438E+01    0.000000E+00    0.000000E+00    0.000000E+00    0.000000E+00    0.138712E+00   -0.561247E+00    0.828531E+01   -0.728531E+01   -0.232797E-01   -0.232797E-01
     0.500000E+00    0.150000E+01    0.000000E+00    0.000000E+00    0.000000E+00    0.000000E+00    0.360189E+00   -0.677728E+00    0.814940E+01   -0.714940E+01   -0.329718E-01   -0.329718E-01
     0.484375E+00    0.150000E+01    0.000000E+00    0.000000E+00    0.000000E+00    0.000000E+00    0.364853E+00   -0.240212E+00   -0.210480E+00    0.121048E+01   -0.390753E-01   -0.390753E-01
     0.468750E+00    0.150000E+01    0.000000E+00    0.000000E+00    0.000000E+00    0.000000E+00    0.258144E+00   -0.495266E-01    0.556482E+01   -0.456482E+01   -0.437536E-01   -0.437536E-01
     0.453125E+00    0.150000E+01    0.000000E+00    0.000000E+00    0.000000E+00    0.000000E+00    0.190953E+00    0.223124E-01    0.319833E+01   -0.219833E+01   -0.470895E-01   -0.470895E-01
     0.437500E+00    0.150000E+01    0.000000E+00    0.000000E+00    0.000000E+00    0.000000E+00    0.158196E+00    0.401658E-01    0.142424E+01   -0.424244E+00   -0.496398E-01   -0.496398E-01
     0.421875E+00    0.150000E+01    0.000000E+00    0.000000E+00    0.000000E+00    0.000000E+00    0.146445E+00    0.408554E-01    0.355615E+00    0.644385E+00   -0.518687E-01   -0.518687E-01
     0.406250E+00    0.150000E+01    0.000000E+00    0.000000E+00    0.000000E+00    0.000000E+00    0.147083E+00    0.368427E-01   -0.213564E+00    0.121356E+01   -0.540274E-01   -0.540274E-01
     0.390625E+00    0.150000E+01    0.000000E+00    0.000000E+00    0.000000E+00    0.000000E+00    0.153119E+00    0.314474E-01   -0.451768E+00    0.145177E+01   -0.562337E-01   -0.562337E-01
     0.375000E+00    0.150000E+01    0.000000E+00    0.000000E+00    0.000000E+00    0.000000E+00    0.161200E+00    0.265199E-01   -0.533352E+00    0.153335E+01   -0.585515E-01   -0.585515E-01
     0.359375E+00    0.150000E+01    0.000000E+00    0.000000E+00    0.000000E+00    0.000000E+00    0.169786E+00    0.229788E-01   -0.554014E+00    0.155401E+01   -0.610028E-01   -0.610028E-01
     0.343750E+00    0.150000E+01    0.000000E+00    0.000000E+00    0.000000E+00    0.000000E+00    0.178513E+00    0.207877E-01   -0.547462E+00    0.154746E+01   -0.635909E-01   -0.635909E-01
     0.328125E+00    0.150000E+01    0.000000E+00    0.000000E+00    0.000000E+00    0.000000E+00    0.186894E+00    0.197649E-01   -0.520343E+00    0.152034E+01   -0.663127E-01   -0.663127E-01
     0.312500E+00    0.150000E+01    0.000000E+00    0.000000E+00    0.000000E+00    0.000000E+00    0.194774E+00    0.196216E-01   -0.491218E+00    0.149122E+01   -0.691613E-01   -0.691613E-01
     0.296875E+00    0.150000E+01    0.000000E+00    0.000000E+00    0.000000E+00    0.000000E+00    0.202245E+00    0.201093E-01   -0.469341E+00    0.146934E+01   -0.721299E-01   -0.721299E-01
     0.281250E+00    0.150000E+01    0.000000E+00    0.000000E+00    0.000000E+00    0.000000E+00    0.209441E+00    0.210238E-01   -0.454797E+00    0.145480E+01   -0.752127E-01   -0.752127E-01
     0.265625E+00    0.150000E+01    0.000000E+00    0.000000E+00    0.000000E+00    0.000000E+00    0.216457E+00    0.222774E-01   -0.445965E+00    0.144597E+01   -0.784064E-01   -0.784064E-01
     0.250000E+00    0.150000E+01    0.000000E+00    0.000000E+00    0.000000E+00    0.000000E+00    0.223377E+00    0.238464E-01   -0.440449E+00    0.144045E+01   -0.817090E-01   -0.817090E-01
     0.234375E+00    0.150000E+01    0.000000E+00    0.000000E+00    0.000000E+00    0.000000E+00    0.230221E+00    0.256258E-01   -0.440190E+00    0.144019E+01   -0.851191E-01   -0.851191E-01
     0.218750E+00    0.150000E+01    0.000000E+00    0.000000E+00    0.000000E+00    0.000000E+00    0.237133E+00    0.275190E-01   -0.446878E+00    0.144688E+01   -0.886365E-01   -0.886365E-01
     0.203125E+00    0.150000E+01    0.000000E+00    0.000000E+00    0.000000E+00    0.000000E+00    0.244186E+00    0.295136E-01   -0.457725E+00    0.145773E+01   -0.922628E-01   -0.922628E-01
     0.187500E+00    0.150000E+01    0.000000E+00    0.000000E+00    0.000000E+00    0.000000E+00    0.251437E+00    0.316788E-01   -0.470871E+00    0.147087E+01   -0.960009E-01   -0.960009E-01
     0.171875E+00    0.150000E+01    0.000000E+00    0.000000E+00    0.000000E+00    0.000000E+00    0.258901E+00    0.339813E-01   -0.485892E+00    0.148589E+01   -0.998539E-01   -0.998539E-01
     0.156250E+00    0.150000E+01    0.000000E+00    0.000000E+00    0.000000E+00    0.000000E+00    0.266621E+00    0.363843E-01   -0.505431E+00    0.150543E+01   -0.103825E+00   -0.103825E+00
     0.140625E+00    0.150000E+01    0.000000E+00    0.000000E+00    0.000000E+00    0.000000E+00    0.274696E+00    0.388549E-01   -0.530304E+00    0.153030E+01   -0.107920E+00   -0.107920E+00
     0.125000E+00    0.150000E+01    0.000000E+00    0.000000E+00    0.000000E+00    0.000000E+00    0.283193E+00    0.414306E-01   -0.558665E+00    0.155867E+01   -0.112144E+00   -0.112144E+00
     0.109375E+00    0.150000E+01    0.000000E+00    0.000000E+00    0.000000E+00    0.000000E+00    0.292154E+00    0.442663E-01   -0.586520E+00    0.158652E+01   -0.116505E+00   -0.116505E+00
     0.937500E-01    0.150000E+01    0.000000E+00    0.000000E+00    0.000000E+00    0.000000E+00    0.301522E+00    0.472638E-01   -0.616986E+00    0.161699E+01   -0.121009E+00   -0.121009E+00
     0.781250E-01    0.150000E+01    0.000000E+00    0.000000E+00    0.000000E+00    0.000000E+00    0.311435E+00    0.503739E-01   -0.654773E+00    0.165477E+01   -0.125663E+00   -0.125663E+00
     0.625000E-01    0.150000E+01    0.000000E+00    0.000000E+00    0.000000E+00    0.000000E+00    0.321984E+00    0.536240E-01   -0.697509E+00    0.169751E+01   -0.130477E+00   -0.130477E+00
     0.468750E-01    0.150000E+01    0.000000E+00    0.000000E+00    0.000000E+00    0.000000E+00    0.333232E+00    0.571400E-01   -0.743262E+00    0.174326E+01   -0.135461E+00   -0.135461E+00
     0.312500E-01    0.150000E+01    0.000000E+00    0.000000E+00    0.000000E+00    0.000000E+00    0.345211E+00    0.609569E-01   -0.790773E+00    0.179077E+01   -0.140627E+00   -0.140627E+00
     0.156250E-01    0.150000E+01    0.000000E+00    0.000000E+00    0.000000E+00    0.000000E+00    0.357944E+00    0.650356E-01   -0.845161E+00    0.184516E+01   -0.145986E+00   -0.145986E+00
     0.000000E+00    0.150000E+01    0.000000E+00    0.000000E+00    0.000000E+00    0.000000E+00    0.371622E+00    0.693358E-01   -0.910000E+00    0.191000E+01   -0.151550E+00   -0.151550E+00
    -0.156250E-01    0.150000E+01    0.000000E+00    0.000000E+00    0.000000E+00    0.000000E+00    0.386381E+00    0.739350E-01   -0.982402E+00    0.198240E+01   -0.157337E+00   -0.157337E+00
    -0.312500E-01    0.150000E+01    0.000000E+00    0.000000E+00    0.000000E+00    0.000000E+00    0.402322E+00    0.791210E-01   -0.105760E+01    0.205760E+01   -0.163363E+00   -0.163363E+00
    -0.468750E-01    0.150000E+01    0.000000E+00    0.000000E+00    0.000000E+00    0.000000E+00    0.419431E+00    0.847848E-01   -0.114048E+01    0.214048E+01   -0.169648E+00   -0.169648E+00
    -0.625000E-01    0.150000E+01    0.000000E+00    0.000000E+00    0.000000E+00    0.000000E+00    0.437962E+00    0.909002E-01   -0.124017E+01    0.224017E+01   -0.176211E+00   -0.176211E+00
    -0.781250E-01    0.150000E+01    0.000000E+00    0.000000E+00    0.000000E+00    0.000000E+00    0.458187E+00    0.975237E-01   -0.135590E+01    0.235590E+01   -0.183076E+00   -0.183076E+00
    -0.937500E-01    0.150000E+01    0.000000E+00    0.000000E+00    0.000000E+00    0.000000E+00    0.480334E+00    0.104912E+00   -0.148582E+01    0.248582E+01   -0.190271E+00   -0.190271E+00
    -0.109375E+00    0.150000E+01    0.000000E+00    0.000000E+00    0.000000E+00    0.000000E+00    0.504618E+00    0.113359E+00   -0.162638E+01    0.262638E+01   -0.197830E+00   -0.197830E+00
    -0.125000E+00    0.150000E+01    0.000000E+00    0.000000E+00    0.000000E+00    0.000000E+00    0.531158E+00    0.122835E+00   -0.179213E+01    0.279213E+01   -0.205785E+00   -0.205785E+00
    -0.140625E+00    0.150000E+01    0.000000E+00    0.000000E+00    0.000000E+00    0.000000E+00    0.560622E+00    0.133377E+00   -0.199503E+01    0.299503E+01   -0.214177E+00   -0.214177E+00
    -0.156250E+00    0.150000E+01    0.000000E+00    0.000000E+00    0.000000E+00    0.000000E+00    0.593503E+00    0.145311E+00   -0.223064E+01    0.323064E+01   -0.223055E+00   -0.223055E+00
    -0.171875E+00    0.150000E+01    0.000000E+00    0.000000E+00    0.000000E+00    0.000000E+00    0.630330E+00    0.159507E+00   -0.249750E+01    0.349750E+01   -0.232477E+00   -0.232477E+00
    -0.187500E+00    0.150000E+01    0.000000E+00    0.000000E+00    0.000000E+00    0.000000E+00    0.671550E+00    0.176202E+00   -0.280925E+01    0.380925E+01   -0.242508E+00   -0.242508E+00
    -0.203125E+00    0.150000E+01    0.000000E+00    0.000000E+00    0.000000E+00    0.000000E+00    0.718119E+00    0.195807E+00   -0.319649E+01    0.419649E+01   -0.253224E+00   -0.253224E+00
    -0.218750E+00    0.150000E+01    0.000000E+00    0.000000E+00    0.000000E+00    0.000000E+00    0.771440E+00    0.219015E+00   -0.367080E+01    0.467080E+01   -0.264718E+00   -0.264718E+00
    -0.234375E+00    0.150000E+01    0.000000E+00    0.000000E+00    0.000000E+00    0.000000E+00    0.832831E+00    0.247302E+00   -0.423425E+01    0.523425E+01   -0.277104E+00   -0.277104E+00
    -0.250000E+00    0.150000E+01    0.000000E+00    0.000000E+00    0.000000E+00    0.000000E+00    0.903760E+00    0.283516E+00   -0.487941E+01    0.587941E+01   -0.290524E+00   -0.290524E+00
    -0.265625E+00    0.150000E+01    0.000000E+00    0.000000E+00    0.000000E+00    0.000000E+00    0.985313E+00    0.328890E+00   -0.565926E+01    0.665926E+01   -0.305135E+00   -0.305135E+00
    -0.281250E+00    0.150000E+01    0.000000E+00    0.000000E+00    0.000000E+00    0.000000E+00    0.108061E+01    0.385854E+00   -0.660838E+01    0.760838E+01   -0.321124E+00   -0.321124E+00
    -0.296875E+00    0.150000E+01    0.000000E+00    0.000000E+00    0.000000E+00    0.000000E+00    0.119183E+01    0.458462E+00   -0.767909E+01    0.867909E+01   -0.338720E+00   -0.338720E+00
    -0.312500E+00    0.150000E+01    0.000000E+00    0.000000E+00    0.000000E+00    0.000000E+00    0.132058E+01    0.553999E+00   -0.880791E+01    0.980791E+01   -0.358190E+00   -0.358190E+00
    -0.328125E+00    0.150000E+01    0.000000E+00    0.000000E+00    0.000000E+00    0.000000E+00    0.146707E+01    0.678737E+00   -0.986395E+01    0.108640E+02   -0.379814E+00   -0.379814E+00
    -0.343750E+00    0.150000E+01    0.000000E+00    0.000000E+00    0.000000E+00    0.000000E+00    0.162883E+01    0.838263E+00   -0.105528E+02    0.115528E+02   -0.403846E+00   -0.403846E+00
    -0.359375E+00    0.150000E+01    0.000000E+00    0.000000E+00    0.000000E+00    0.000000E+00    0.179685E+01    0.103834E+01   -0.103552E+02    0.113552E+02   -0.430469E+00   -0.430469E+00
    -0.375000E+00    0.150000E+01    0.000000E+00    0.000000E+00    0.000000E+00    0.000000E+00    0.195243E+01    0.128337E+01   -0.834331E+01    0.934331E+01   -0.459681E+00   -0.459681E+00
    -0.390625E+00    0.150000E+01    0.000000E+00    0.000000E+00    0.000000E+00    0.000000E+00    0.205757E+01    0.156495E+01   -0.284046E+01    0.384046E+01   -0.491024E+00   -0.491024E+00
    -0.406250E+00    0.150000E+01    0.000000E+00    0.000000E+00    0.000000E+00    0.000000E+00    0.204120E+01    0.184220E+01    0.984321E+01   -0.884321E+01   -0.523090E+00   -0.523090E+00
    -0.421875E+00    0.150000E+01    0.000000E+00    0.000000E+00    0.000000E+00    0.000000E+00    0.174997E+01    0.202370E+01    0.349516E+02   -0.339516E+02   -0.552899E+00   -0.552899E+00
    -0.437500E+00    0.150000E+01    0.000000E+00    0.000000E+00    0.000000E+00    0.000000E+00    0.948960E+00    0.191365E+01    0.772617E+02   -0.762617E+02   -0.574731E+00   -0.574731E+00
    -0.453125E+00    0.150000E+01    0.000000E+00    0.000000E+00    0.000000E+00    0.000000E+00   -0.664452E+00    0.103251E+01    0.140877E+03   -0.139877E+03   -0.578609E+00   -0.578609E+00
    -0.468750E+00    0.150000E+01    0.000000E+00    0.000000E+00    0.000000E+00    0.000000E+00   -0.345343E+01   -0.165635E+01    0.224009E+03   -0.223009E+03   -0.547980E+00   -0.547980E+00
    -0.484375E+00    0.150000E+01    0.000000E+00    0.000000E+00    0.000000E+00    0.000000E+00   -0.766474E+01   -0.748024E+01    0.334958E+03   -0.333958E+03   -0.462750E+00   -0.462750E+00
    -0.500000E+00    0.150000E+01    0.000000E+00    0.000000E+00    0.000000E+00    0.000000E+00   -0.137380E+02   -0.195235E+02    0.361829E+03   -0.360829E+03   -0.298525E+00   -0.298525E+00
    -0.500000E+00    0.148438E+01    0.000000E+00    0.000000E+00    0.000000E+00    0.000000E+00   -0.634555E+01   -0.161503E+02    0.180998E+03   -0.179998E+03   -0.109969E-01   -0.109969E-01
    -0.500000E+00    0.146875E+01    0.000000E+00    0.000000E+00    0.000000E+00    0.000000E+00   -0.184064E+01   -0.118707E+02    0.241783E+03   -0.240783E+03    0.206727E+00    0.206727E+00
    -0.500000E+00    0.145312E+01    0.000000E+00    0.000000E+00    0.000000E+00    0.000000E+00    0.491293E+00   -0.862587E+01    0.177986E+03   -0.176986E+03    0.365807E+00    0.365807E+00
    -0.500000E+00    0.143750E+01    0.000000E+00    0.000000E+00    0.000000E+00    0.000000E+00    0.152072E+01   -0.633988E+01    0.124110E+03   -0.123110E+03    0.481690E+00    0.481690E+00
    -0.500000E+00    0.142188E+01    0.000000E+00    0.000000E+00    0.000000E+00    0.000000E+00    0.181061E+01   -0.477868E+01    0.847055E+02   -0.837055E+02    0.567494E+00    0.567494E+00
    -0.500000E+00    0.140625E+01    0.000000E+00    0.000000E+00    0.000000E+00    0.000000E+00    0.180572E+01   -0.372409E+01    0.574477E+02   -0.564477E+02    0.633034E+00    0.633034E+00
    -0.500000E+00    0.139062E+01    0.000000E+00    0.000000E+00    0.000000E+00    0.000000E+00    0.168501E+01   -0.301468E+01    0.395493E+02   -0.385493E+02    0.685556E+00    0.685556E+00
    -0.500000E+00    0.137500E+01    0.000000E+00    0.000000E+00    0.000000E+00    0.000000E+00    0.152691E+01   -0.251942E+01    0.284501E+02   -0.274501E+02    0.728728E+00    0.728728E+00
    -0.500000E+00    0.135938E+01    0.000000E+00    0.000000E+00    0.000000E+00    0.000000E+00    0.136682E+01   -0.215687E+01    0.213302E+02   -0.203302E+02    0.765219E+00    0.765219E+00
    -0.500000E+00    0.134375E+01    0.000000E+00    0.000000E+00    0.000000E+00    0.000000E+00    0.121977E+01   -0.188410E+01    0.165064E+02   -0.155064E+02    0.796767E+00    0.796767E+00
    -0.500000E+00    0.132812E+01    0.000000E+00    0.000000E+00    0.000000E+00    0.000000E+00    0.109352E+01   -0.167229E+01    0.131839E+02   -0.121839E+02    0.824631E+00    0.824631E+00
    -0.500000E+00    0.131250E+01    0.000000E+00    0.000000E+00    0.000000E+00    0.000000E+00    0.987125E+00   -0.150336E+01    0.109097E+02   -0.990973E+01    0.849539E+00    0.849539E+00
    -0.500000E+00    0.129688E+01    0.000000E+00    0.000000E+00    0.000000E+00    0.000000E+00    0.897419E+00   -0.136261E+01    0.931713E+01   -0.831713E+01    0.872031E+00    0.872031E+00
    -0.500000E+00    0.128125E+01    0.000000E+00    0.000000E+00    0.000000E+00    0.000000E+00    0.821402E+00   -0.124345E+01    0.808973E+01   -0.708973E+01    0.892493E+00    0.892493E+00
    -0.500000E+00    0.126562E+01    0.000000E+00    0.000000E+00    0.000000E+00    0.000000E+00    0.756790E+00   -0.114106E+01    0.712640E+01   -0.612640E+01    0.911225E+00    0.911225E+00
    -0.500000E+00    0.125000E+01    0.000000E+00    0.000000E+00    0.000000E+00    0.000000E+00    0.701956E+00   -0.105200E+01    0.636598E+01   -0.536598E+01    0.928479E+00    0.928479E+00
    -0.500000E+00    0.123438E+01    0.000000E+00    0.000000E+00    0.000000E+00    0.000000E+00    0.655181E+00   -0.973373E+00    0.577071E+01   -0.477071E+01    0.944425E+00    0.944425E+00
    -0.500000E+00    0.121875E+01    0.000000E+00    0.000000E+00    0.000000E+00    0.000000E+00    0.614770E+00   -0.902911E+00    0.527365E+01   -0.427365E+01    0.959207E+00    0.959207E+00
    -0.500000E+00    0.120312E+01    0.000000E+00    0.000000E+00    0.000000E+00    0.000000E+00    0.579185E+00   -0.839822E+00    0.483719E+01   -0.383719E+01    0.972944E+00    0.972944E+00
    -0.500000E+00    0.118750E+01    0.000000E+00    0.000000E+00    0.000000E+00    0.000000E+00    0.548236E+00   -0.782999E+00    0.446865E+01   -0.346865E+01    0.985749E+00    0.985749E+00
    -0.500000E+00    0.117188E+01    0.000000E+00    0.000000E+00    0.000000E+00    0.000000E+00    0.521395E+00   -0.731426E+00    0.416454E+01   -0.316454E+01    0.997708E+00    0.997708E+00
    -0.500000E+00    0.115625E+01    0.000000E+00    0.000000E+00    0.000000E+00    0.000000E+00    0.497917E+00   -0.684107E+00    0.390757E+01   -0.290757E+01    0.100890E+01    0.100890E+01
    -0.500000E+00    0.114062E+01    0.000000E+00    0.000000E+00    0.000000E+00    0.000000E+00    0.477215E+00   -0.640565E+00    0.367714E+01   -0.267714E+01    0.101937E+01    0.101937E+01
    -0.500000E+00    0.112500E+01    0.000000E+00    0.000000E+00    0.000000E+00    0.000000E+00    0.458869E+00   -0.600446E+00    0.347189E+01   -0.247189E+01    0.102920E+01    0.102920E+01
    -0.500000E+00    0.110938E+01    0.000000E+00    0.000000E+00    0.000000E+00    0.000000E+00    0.442912E+00   -0.563318E+00    0.329602E+01   -0.229602E+01    0.103842E+01    0.103842E+01
    -0.500000E+00    0.109375E+01    0.000000E+00    0.000000E+00    0.000000E+00    0.000000E+00    0.429155E+00   -0.528696E+00    0.315202E+01   -0.215202E+01    0.104708E+01    0.104708E+01
    -0.500000E+00    0.107812E+01    0.000000E+00    0.000000E+00    0.000000E+00    0.000000E+00    0.417222E+00   -0.496067E+00    0.302452E+01   -0.202452E+01    0.105522E+01    0.105522E+01
    -0.500000E+00    0.106250E+01    0.000000E+00    0.000000E+00    0.000000E+00    0.000000E+00    0.406727E+00   -0.465430E+00    0.290451E+01   -0.190451E+01    0.106286E+01    0.106286E+01
    -0.500000E+00    0.104688E+01    0.000000E+00    0.000000E+00    0.000000E+00    0.000000E+00    0.397825E+00   -0.436551E+00    0.280045E+01   -0.180045E+01    0.107004E+01    0.107004E+01
    -0.500000E+00    0.103125E+01    0.000000E+00    0.000000E+00    0.000000E+00    0.000000E+00    0.390537E+00   -0.409166E+00    0.271506E+01   -0.171506E+01    0.107678E+01    0.107678E+01
    -0.500000E+00    0.101562E+01    0.000000E+00    0.000000E+00    0.000000E+00    0.000000E+00    0.384716E+00   -0.382956E+00    0.264625E+01   -0.164625E+01    0.108310E+01    0.108310E+01
    -0.500000E+00    0.100000E+01    0.000000E+00    0.000000E+00    0.000000E+00    0.000000E+00    0.380211E+00   -0.357720E+00    0.258462E+01   -0.158462E+01    0.108902E+01    0.108902E+01
    -0.500000E+00    0.984375E+00    0.000000E+00    0.000000E+00    0.000000E+00    0.000000E+00    0.376845E+00   -0.333436E+00    0.252861E+01   -0.152861E+01    0.109455E+01    0.109455E+01
    -0.500000E+00    0.968750E+00    0.000000E+00    0.000000E+00    0.000000E+00    0.000000E+00    0.374859E+00   -0.309951E+00    0.248361E+01   -0.148361E+01    0.109971E+01    0.109971E+01
    -0.500000E+00    0.953125E+00    0.000000E+00    0.000000E+00    0.000000E+00    0.000000E+00    0.374307E+00   -0.287074E+00    0.245405E+01   -0.145405E+01    0.110451E+01    0.110451E+01
    -0.500000E+00    0.937500E+00    0.000000E+00    0.000000E+00    0.000000E+00    0.000000E+00    0.375095E+00   -0.264512E+00    0.243430E+01   -0.143430E+01    0.110895E+01    0.110895E+01
    -0.500000E+00    0.921875E+00    0.000000E+00    0.000000E+00    0.000000E+00    0.000000E+00    0.377138E+00   -0.242252E+00    0.241826E+01   -0.141826E+01    0.111304E+01    0.111304E+01
    -0.500000E+00    0.906250E+00    0.000000E+00    0.000000E+00    0.000000E+00    0.000000E+00    0.380585E+00   -0.220192E+00    0.241030E+01   -0.141030E+01    0.111679E+01    0.111679E+01
    -0.500000E+00    0.890625E+00    0.000000E+00    0.000000E+00    0.000000E+00    0.000000E+00    0.385680E+00   -0.198180E+00    0.241395E+01   -0.141395E+01    0.112019E+01    0.112019E+01
    -0.500000E+00    0.875000E+00    0.000000E+00    0.000000E+00    0.000000E+00    0.000000E+00    0.392547E+00   -0.176006E+00    0.243365E+01   -0.143365E+01    0.112325E+01    0.112325E+01
    -0.500000E+00    0.859375E+00    0.000000E+00    0.000000E+00    0.000000E+00    0.000000E+00    0.401255E+00   -0.153378E+00    0.246264E+01   -0.146264E+01    0.112595E+01    0.112595E+01
    -0.500000E+00    0.843750E+00    0.000000E+00    0.000000E+00    0.000000E+00    0.000000E+00    0.411751E+00   -0.130298E+00    0.249677E+01   -0.149677E+01    0.112830E+01    0.112830E+01
    -0.500000E+00    0.828125E+00    0.000000E+00    0.000000E+00    0.000000E+00    0.000000E+00    0.424624E+00   -0.106604E+00    0.254251E+01   -0.154251E+01    0.113029E+01    0.113029E+01
    -0.500000E+00    0.812500E+00    0.000000E+00    0.000000E+00    0.000000E+00    0.000000E+00    0.440297E+00   -0.820947E-01    0.260734E+01   -0.160734E+01    0.113190E+01    0.113190E+01
    -0.500000E+00    0.796875E+00    0.000000E+00    0.000000E+00    0.000000E+00    0.000000E+00    0.459148E+00   -0.563749E-01    0.269235E+01   -0.169235E+01    0.113312E+01    0.113312E+01
    -0.500000E+00    0.781250E+00    0.000000E+00    0.000000E+00    0.000000E+00    0.000000E+00    0.481613E+00   -0.292087E-01    0.279266E+01   -0.179266E+01    0.113392E+01    0.113392E+01
    -0.500000E+00    0.765625E+00    0.000000E+00    0.000000E+00    0.000000E+00    0.000000E+00    0.508328E+00   -0.354433E-03    0.291419E+01   -0.191419E+01    0.113429E+01    0.113429E+01
    -0.500000E+00    0.750000E+00    0.000000E+00    0.000000E+00    0.000000E+00    0.000000E+00    0.540662E+00    0.306097E-01    0.306262E+01   -0.206262E+01    0.113419E+01    0.113419E+01
    -0.500000E+00    0.734375E+00    0.000000E+00    0.000000E+00    0.000000E+00    0.000000E+00    0.580121E+00    0.641025E-01    0.326326E+01   -0.226326E+01    0.113359E+01    0.113359E+01
    -0.500000E+00    0.718750E+00    0.000000E+00    0.000000E+00    0.000000E+00    0.000000E+00    0.628548E+00    0.101337E+00    0.353940E+01   -0.253940E+01    0.113243E+01    0.113243E+01
    -0.500000E+00    0.703125E+00    0.000000E+00    0.000000E+00    0.000000E+00    0.000000E+00    0.687339E+00    0.143459E+00    0.393931E+01   -0.293931E+01    0.113065E+01    0.113065E+01
    -0.500000E+00    0.687500E+00    0.000000E+00    0.000000E+00    0.000000E+00    0.000000E+00    0.760364E+00    0.193190E+00    0.454478E+01   -0.354478E+01    0.112817E+01    0.112817E+01
    -0.500000E+00    0.671875E+00    0.000000E+00    0.000000E+00    0.000000E+00    0.000000E+00    0.851958E+00    0.254233E+00    0.546604E+01   -0.446604E+01    0.112483E+01    0.112483E+01
    -0.500000E+00    0.656250E+00    0.000000E+00    0.000000E+00    0.000000E+00    0.000000E+00    0.966114E+00    0.332754E+00    0.702622E+01   -0.602622E+01    0.112042E+01    0.112042E+01
    -0.500000E+00    0.640625E+00    0.000000E+00    0.000000E+00    0.000000E+00    0.000000E+00    0.110448E+01    0.442552E+00    0.981700E+01   -0.881700E+01    0.111452E+01    0.111452E+01
    -0.500000E+00    0.625000E+00    0.000000E+00    0.000000E+00    0.000000E+00    0.000000E+00    0.126895E+01    0.608285E+00    0.150222E+02   -0.140222E+02    0.110634E+01    0.110634E+01
    -0.500000E+00    0.609375E+00    0.000000E+00    0.000000E+00    0.000000E+00    0.000000E+00    0.145549E+01    0.880747E+00    0.231347E+02   -0.221347E+02    0.109506E+01    0.109506E+01
    -0.500000E+00    0.593750E+00    0.000000E+00    0.000000E+00    0.000000E+00    0.000000E+00    0.163172E+01    0.130000E+01    0.367791E+02   -0.357791E+02    0.107859E+01    0.107859E+01
    -0.500000E+00    0.578125E+00    0.000000E+00    0.000000E+00    0.000000E+00    0.000000E+00    0.167673E+01    0.199885E+01    0.608237E+02   -0.598237E+02    0.105341E+01    0.105341E+01
    -0.500000E+00    0.562500E+00    0.000000E+00    0.000000E+00    0.000000E+00    0.000000E+00    0.143675E+01    0.316949E+01    0.991482E+02   -0.981482E+02    0.101354E+01    0.101354E+01
    -0.500000E+00    0.546875E+00    0.000000E+00    0.000000E+00    0.000000E+00    0.000000E+00    0.579222E+00    0.506598E+01    0.148589E+03   -0.147589E+03    0.950541E+00    0.950541E+00
    -0.500000E+00    0.531250E+00    0.000000E+00    0.000000E+00    0.000000E+00    0.000000E+00   -0.179987E+01    0.778164E+01    0.199763E+03   -0.198763E+03    0.851087E+00    0.851087E+00
    -0.500000E+00    0.515625E+00    0.000000E+00    0.000000E+00    0.000000E+00    0.000000E+00   -0.757298E+01    0.112773E+02    0.788558E+02   -0.778558E+02    0.702241E+00    0.702241E+00
    -0.500000E+00    0.500000E+00    0.000000E+00    0.000000E+00    0.000000E+00    0.000000E+00   -0.157976E+02    0.124002E+02    0.272971E+03   -0.271971E+03    0.505778E+00    0.505778E+00
    -0.484375E+00    0.500000E+00    0.000000E+00    0.000000E+00    0.000000E+00    0.000000E+00   -0.104340E+02    0.379152E+01    0.320048E+03   -0.319048E+03    0.303742E+00    0.303742E+00
    -0.468750E+00    0.500000E+00    0.000000E+00    0.000000E+00    0.000000E+00    0.000000E+00   -0.595339E+01   -0.651434E-01    0.244024E+03   -0.243024E+03    0.178630E+00    0.178630E+00
    -0.453125E+00    0.500000E+00    0.000000E+00    0.000000E+00    0.000000E+00    0.000000E+00   -0.280825E+01   -0.181809E+01    0.161841E+03   -0.160841E+03    0.112902E+00    0.112902E+00
    -0.437500E+00    0.500000E+00    0.000000E+00    0.000000E+00    0.000000E+00    0.000000E+00   -0.895849E+00   -0.221756E+01    0.938084E+02   -0.928084E+02    0.866408E-01    0.866408E-01
    -0.421875E+00    0.500000E+00    0.000000E+00    0.000000E+00    0.000000E+00    0.000000E+00    0.123266E+00   -0.204170E+01    0.466937E+02   -0.456937E+02    0.819979E-01    0.819979E-01
    -0.406250E+00    0.500000E+00    0.000000E+00    0.000000E+00    0.000000E+00    0.000000E+00    0.563330E+00   -0.168462E+01    0.177399E+02   -0.167399E+02    0.878549E-01    0.878549E-01
    -0.390625E+00    0.500000E+00    0.000000E+00    0.000000E+00    0.000000E+00    0.000000E+00    0.677639E+00   -0.131054E+01    0.269883E+01   -0.169883E+01    0.976689E-01    0.976689E-01
    -0.375000E+00    0.500000E+00    0.000000E+00    0.000000E+00    0.000000E+00    0.000000E+00    0.647669E+00   -0.988310E+00   -0.384531E+01    0.484531E+01    0.107991E+00    0.107991E+00
    -0.359375E+00    0.500000E+00    0.000000E+00    0.000000E+00    0.000000E+00    0.000000E+00    0.557473E+00   -0.741160E+00   -0.629504E+01    0.729504E+01    0.117214E+00    0.117214E+00
    -0.343750E+00    0.500000E+00    0.000000E+00    0.000000E+00    0.000000E+00    0.000000E+00    0.450949E+00   -0.558787E+00   -0.667245E+01    0.767245E+01    0.124830E+00    0.124830E+00
    -0.328125E+00    0.500000E+00    0.000000E+00    0.000000E+00    0.000000E+00    0.000000E+00    0.348958E+00   -0.426417E+00   -0.608885E+01    0.708885E+01    0.130824E+00    0.130824E+00
    -0.312500E+00    0.500000E+00    0.000000E+00    0.000000E+00    0.000000E+00    0.000000E+00    0.260672E+00   -0.331045E+00   -0.518759E+01    0.618759E+01    0.135366E+00    0.135366E+00
    -0.296875E+00    0.500000E+00    0.000000E+00    0.000000E+00    0.000000E+00    0.000000E+00    0.186846E+00   -0.262860E+00   -0.431109E+01    0.531109E+01    0.138675E+00    0.138675E+00
    -0.281250E+00    0.500000E+00    0.000000E+00    0.000000E+00    0.000000E+00    0.000000E+00    0.125951E+00   -0.213411E+00   -0.354939E+01    0.454939E+01    0.140973E+00    0.140973E+00
    -0.265625E+00    0.500000E+00    0.000000E+00    0.000000E+00    0.000000E+00    0.000000E+00    0.759276E-01   -0.176191E+00   -0.291539E+01    0.391539E+01    0.142443E+00    0.142443E+00
    -0.250000E+00    0.500000E+00    0.000000E+00    0.000000E+00    0.000000E+00    0.000000E+00    0.348447E-01   -0.147535E+00   -0.241794E+01    0.341794E+01    0.143235E+00    0.143235E+00
    -0.234375E+00    0.500000E+00    0.000000E+00    0.000000E+00    0.000000E+00    0.000000E+00    0.366856E-03   -0.125004E+00   -0.203823E+01    0.303823E+01    0.143463E+00    0.143463E+00
    -0.218750E+00    0.500000E+00    0.000000E+00    0.000000E+00    0.000000E+00    0.000000E+00   -0.288500E-01   -0.107122E+00   -0.173555E+01    0.273555E+01    0.143217E+00    0.143217E+00
    -0.203125E+00    0.500000E+00    0.000000E+00    0.000000E+00    0.000000E+00    0.000000E+00   -0.538690E-01   -0.924360E-01   -0.149123E+01    0.249123E+01    0.142568E+00    0.142568E+00
    -0.187500E+00    0.500000E+00    0.000000E+00    0.000000E+00    0.000000E+00    0.000000E+00   -0.754510E-01   -0.801608E-01   -0.129372E+01    0.229372E+01    0.141574E+00    0.141574E+00
    -0.171875E+00    0.500000E+00    0.000000E+00    0.000000E+00    0.000000E+00    0.000000E+00   -0.942976E-01   -0.697872E-01   -0.113535E+01    0.213535E+01    0.140278E+00    0.140278E+00
    -0.156250E+00    0.500000E+00    0.000000E+00    0.000000E+00    0.000000E+00    0.000000E+00   -0.110931E+00   -0.609614E-01   -0.100410E+01    0.200410E+01    0.138717E+00    0.138717E+00
    -0.140625E+00    0.500000E+00    0.000000E+00    0.000000E+00    0.000000E+00    0.000000E+00   -0.125676E+00   -0.534167E-01   -0.891940E+00    0.189194E+01    0.136922E+00    0.136922E+00
    -0.125000E+00    0.500000E+00    0.000000E+00    0.000000E+00    0.000000E+00    0.000000E+00   -0.138804E+00   -0.468557E-01   -0.794561E+00    0.179456E+01    0.134919E+00    0.134919E+00
    -0.109375E+00    0.500000E+00    0.000000E+00    0.000000E+00    0.000000E+00    0.000000E+00   -0.150506E+00   -0.411120E-01   -0.711505E+00    0.171151E+01    0.132730E+00    0.132730E+00
    -0.937500E-01    0.500000E+00    0.000000E+00    0.000000E+00    0.000000E+00    0.000000E+00   -0.161038E+00   -0.360626E-01   -0.640732E+00    0.164073E+01    0.130374E+00    0.130374E+00
    -0.781250E-01    0.500000E+00    0.000000E+00    0.000000E+00    0.000000E+00    0.000000E+00   -0.170529E+00   -0.316207E-01   -0.577845E+00    0.157784E+01    0.127868E+00    0.127868E+00
    -0.625000E-01    0.500000E+00    0.000000E+00    0.000000E+00    0.000000E+00    0.000000E+00   -0.179096E+00   -0.276670E-01   -0.521960E+00    0.152196E+01    0.125226E+00    0.125226E+00
    -0.468750E-01    0.500000E+00    0.000000E+00    0.000000E+00    0.000000E+00    0.000000E+00   -0.186840E+00   -0.241064E-01   -0.472444E+00    0.147244E+01    0.122461E+00    0.122461E+00
    -0.312500E-01    0.500000E+00    0.000000E+00    0.000000E+00    0.000000E+00    0.000000E+00   -0.193860E+00   -0.208763E-01   -0.429317E+00    0.142932E+01    0.119585E+00    0.119585E+00
    -0.156250E-01    0.500000E+00    0.000000E+00    0.000000E+00    0.000000E+00    0.000000E+00   -0.200256E+00   -0.179277E-01   -0.391148E+00    0.139115E+01    0.116609E+00    0.116609E+00
     0.000000E+00    0.500000E+00    0.000000E+00    0.000000E+00    0.000000E+00    0.000000E+00   -0.206083E+00   -0.152274E-01   -0.356588E+00    0.135659E+01    0.113539E+00    0.113539E+00
     0.156250E-01    0.500000E+00    0.000000E+00    0.000000E+00    0.000000E+00    0.000000E+00   -0.211399E+00   -0.127052E-01   -0.325461E+00    0.132546E+01    0.110386E+00    0.110386E+00
     0.312500E-01    0.500000E+00    0.000000E+00    0.000000E+00    0.000000E+00    0.000000E+00   -0.216254E+00   -0.103206E-01   -0.298045E+00    0.129804E+01    0.107156E+00    0.107156E+00
     0.468750E-01    0.500000E+00    0.000000E+00    0.000000E+00    0.000000E+00    0.000000E+00   -0.220713E+00   -0.804224E-02   -0.274090E+00    0.127409E+01    0.103855E+00    0.103855E+00
     0.625000E-01    0.500000E+00    0.000000E+00    0.000000E+00    0.000000E+00    0.000000E+00   -0.224819E+00   -0.584453E-02   -0.252599E+00    0.125260E+01    0.100489E+00    0.100489E+00
     0.781250E-01    0.500000E+00    0.000000E+00    0.000000E+00    0.000000E+00    0.000000E+00   -0.228607E+00   -0.369356E-02   -0.233368E+00    0.123337E+01    0.970638E-01    0.970638E-01
     0.937500E-01    0.500000E+00    0.000000E+00    0.000000E+00    0.000000E+00    0.000000E+00   -0.232112E+00   -0.154795E-02   -0.216282E+00    0.121628E+01    0.935830E-01    0.935830E-01
     0.109375E+00    0.500000E+00    0.000000E+00    0.000000E+00    0.000000E+00    0.000000E+00   -0.235366E+00    0.622758E-03   -0.201658E+00    0.120166E+01    0.900508E-01    0.900508E-01
     0.125000E+00    0.500000E+00    0.000000E+00    0.000000E+00    0.000000E+00    0.000000E+00   -0.238414E+00    0.284780E-02   -0.189026E+00    0.118903E+01    0.864707E-01    0.864707E-01
     0.140625E+00    0.500000E+00    0.000000E+00    0.000000E+00    0.000000E+00    0.000000E+00   -0.241273E+00    0.514580E-02   -0.177640E+00    0.117764E+01    0.828455E-01    0.828455E-01
     0.156250E+00    0.500000E+00    0.000000E+00    0.000000E+00    0.000000E+00    0.000000E+00   -0.243965E+00    0.757101E-02   -0.167505E+00    0.116751E+01    0.791781E-01    0.791781E-01
     0.171875E+00    0.500000E+00    0.000000E+00    0.000000E+00    0.000000E+00    0.000000E+00   -0.246508E+00    0.101677E-01   -0.158647E+00    0.115865E+01    0.754706E-01    0.754706E-01
     0.187500E+00    0.500000E+00    0.000000E+00    0.000000E+00    0.000000E+00    0.000000E+00   -0.248923E+00    0.129876E-01   -0.150658E+00    0.115066E+01    0.717253E-01    0.717253E-01
     0.203125E+00    0.500000E+00    0.000000E+00    0.000000E+00    0.000000E+00    0.000000E+00   -0.251216E+00    0.160918E-01   -0.142367E+00    0.114237E+01    0.679439E-01    0.679439E-01
     0.218750E+00    0.500000E+00    0.000000E+00    0.000000E+00    0.000000E+00    0.000000E+00   -0.253372E+00    0.195490E-01   -0.132520E+00    0.113252E+01    0.641283E-01    0.641283E-01
     0.234375E+00    0.500000E+00    0.000000E+00    0.000000E+00    0.000000E+00    0.000000E+00   -0.255357E+00    0.234965E-01   -0.120588E+00    0.112059E+01    0.602808E-01    0.602808E-01
     0.250000E+00    0.500000E+00    0.000000E+00    0.000000E+00    0.000000E+00    0.000000E+00   -0.257140E+00    0.281117E-01   -0.105037E+00    0.110504E+01    0.564043E-01    0.564043E-01
     0.265625E+00    0.500000E+00    0.000000E+00    0.000000E+00    0.000000E+00    0.000000E+00   -0.258639E+00    0.336885E-01   -0.830062E-01    0.108301E+01    0.525025E-01    0.525025E-01
     0.281250E+00    0.500000E+00    0.000000E+00    0.000000E+00    0.000000E+00    0.000000E+00   -0.259734E+00    0.405052E-01   -0.539735E-01    0.105397E+01    0.485809E-01    0.485809E-01
     0.296875E+00    0.500000E+00    0.000000E+00    0.000000E+00    0.000000E+00    0.000000E+00   -0.260326E+00    0.491454E-01   -0.222866E-01    0.102229E+01    0.446465E-01    0.446465E-01
     0.312500E+00    0.500000E+00    0.000000E+00    0.000000E+00    0.000000E+00    0.000000E+00   -0.260430E+00    0.605296E-01    0.788674E-02    0.992113E+00    0.407083E-01    0.407083E-01
     0.328125E+00    0.500000E+00    0.000000E+00    0.000000E+00    0.000000E+00    0.000000E+00   -0.260079E+00    0.760000E-01    0.128433E-01    0.987157E+00    0.367753E-01    0.367753E-01
     0.343750E+00    0.500000E+00    0.000000E+00    0.000000E+00    0.000000E+00    0.000000E+00   -0.260029E+00    0.971013E-01   -0.841359E-01    0.108414E+01    0.328474E-01    0.328474E-01
     0.359375E+00    0.500000E+00    0.000000E+00    0.000000E+00    0.000000E+00    0.000000E+00   -0.262709E+00    0.125462E+00   -0.468984E+00    0.146898E+01    0.289059E-01    0.289059E-01
     0.375000E+00    0.500000E+00    0.000000E+00    0.000000E+00    0.000000E+00    0.000000E+00   -0.274685E+00    0.163401E+00   -0.123648E+01    0.223648E+01    0.248838E-01    0.248838E-01
     0.390625E+00    0.500000E+00    0.000000E+00    0.000000E+00    0.000000E+00    0.000000E+00   -0.301349E+00    0.211151E+00   -0.277213E+01    0.377213E+01    0.206127E-01    0.206127E-01
     0.406250E+00    0.500000E+00    0.000000E+00    0.000000E+00    0.000000E+00    0.000000E+00   -0.361314E+00    0.260891E+00   -0.596926E+01    0.696926E+01    0.157051E-01    0.157051E-01
     0.421875E+00    0.500000E+00    0.000000E+00    0.000000E+00    0.000000E+00    0.000000E+00   -0.487888E+00    0.298809E+00   -0.119083E+02    0.129083E+02    0.936025E-02    0.936025E-02
     0.437500E+00    0.500000E+00    0.000000E+00    0.000000E+00    0.000000E+00    0.000000E+00   -0.733448E+00    0.295339E+00   -0.210917E+02    0.220917E+02    0.287517E-03    0.287517E-03
     0.453125E+00    0.500000E+00    0.000000E+00    0.000000E+00    0.000000E+00    0.000000E+00   -0.114700E+01    0.162798E+00   -0.335430E+02    0.345430E+02   -0.137753E-01   -0.137753E-01
     0.468750E+00    0.500000E+00    0.000000E+00    0.000000E+00    0.000000E+00    0.000000E+00   -0.178167E+01   -0.232079E+00   -0.493816E+02    0.503816E+02   -0.360070E-01   -0.360070E-01
     0.484375E+00    0.500000E+00    0.000000E+00    0.000000E+00    0.000000E+00    0.000000E+00   -0.269018E+01   -0.931665E+00   -0.666967E+02    0.676967E+02   -0.702256E-01   -0.702256E-01
     0.500000E+00    0.500000E+00    0.000000E+00    0.000000E+00    0.000000E+00    0.000000E+00   -0.374388E+01   -0.202621E+01   -0.666164E+02    0.676164E+02   -0.119689E+00   -0.119689E+00
     0.500000E+00    0.515625E+00    0.000000E+00    0.000000E+00    0.000000E+00    0.000000E+00   -0.943444E+00   -0.866685E+00   -0.702238E+02    0.712238E+02   -0.142037E+00   -0.142037E+00
     0.500000E+00    0.531250E+00    0.000000E+00    0.000000E+00    0.000000E+00    0.000000E+00    0.493385E+00    0.205754E+00   -0.513581E+02    0.523581E+02   -0.146907E+00   -0.146907E+00
     0.500000E+00    0.546875E+00    0.000000E+00    0.000000E+00    0.000000E+00    0.000000E+00    0.712185E+00    0.769504E+00   -0.238013E+02    0.248013E+02   -0.138598E+00   -0.138598E+00
     0.500000E+00    0.562500E+00    0.000000E+00    0.000000E+00    0.000000E+00    0.000000E+00    0.604366E+00    0.980794E+00   -0.503761E+01    0.603761E+01   -0.124380E+00   -0.124380E+00
     0.500000E+00    0.578125E+00    0.000000E+00    0.000000E+00    0.000000E+00    0.000000E+00    0.443232E+00    0.958180E+00    0.522049E+01   -0.422049E+01   -0.109185E+00   -0.109185E+00
     0.500000E+00    0.593750E+00    0.000000E+00    0.000000E+00    0.000000E+00    0.000000E+00    0.291710E+00    0.848903E+00    0.851967E+01   -0.751967E+01   -0.948689E-01   -0.948689E-01
     0.500000E+00    0.609375E+00    0.000000E+00    0.000000E+00    0.000000E+00    0.000000E+00    0.171362E+00    0.723190E+00    0.868587E+01   -0.768587E+01   -0.824043E-01   -0.824043E-01
     0.500000E+00    0.625000E+00    0.000000E+00    0.000000E+00    0.000000E+00    0.000000E+00    0.899441E-01    0.608720E+00    0.787703E+01   -0.687703E+01   -0.718716E-01   -0.718716E-01
     0.500000E+00    0.640625E+00    0.000000E+00    0.000000E+00    0.000000E+00    0.000000E+00    0.378427E-01    0.508283E+00    0.681690E+01   -0.581690E+01   -0.630647E-01   -0.630647E-01
     0.500000E+00    0.656250E+00    0.000000E+00    0.000000E+00    0.000000E+00    0.000000E+00    0.485544E-02    0.426941E+00    0.565394E+01   -0.465394E+01   -0.556477E-01   -0.556477E-01
     0.500000E+00    0.671875E+00    0.000000E+00    0.000000E+00    0.000000E+00    0.000000E+00   -0.145946E-01    0.362847E+00    0.467129E+01   -0.367129E+01   -0.493644E-01   -0.493644E-01
     0.500000E+00    0.687500E+00    0.000000E+00    0.000000E+00    0.000000E+00    0.000000E+00   -0.253987E-01    0.312214E+00    0.390942E+01   -0.290942E+01   -0.439752E-01   -0.439752E-01
     0.500000E+00    0.703125E+00    0.000000E+00    0.000000E+00    0.000000E+00    0.000000E+00   -0.312836E-01    0.271928E+00    0.331488E+01   -0.231488E+01   -0.392899E-01   -0.392899E-01
     0.500000E+00    0.718750E+00    0.000000E+00    0.000000E+00    0.000000E+00    0.000000E+00   -0.343778E-01    0.239874E+00    0.285529E+01   -0.185529E+01   -0.351619E-01   -0.351619E-01
     0.500000E+00    0.734375E+00    0.000000E+00    0.000000E+00    0.000000E+00    0.000000E+00   -0.358779E-01    0.213950E+00    0.250903E+01   -0.150903E+01   -0.314891E-01   -0.314891E-01
     0.500000E+00    0.750000E+00    0.000000E+00    0.000000E+00    0.000000E+00    0.000000E+00   -0.363271E-01    0.192716E+00    0.225123E+01   -0.125123E+01   -0.281847E-01   -0.281847E-01
     0.500000E+00    0.765625E+00    0.000000E+00    0.000000E+00    0.000000E+00    0.000000E+00   -0.363264E-01    0.174849E+00    0.205486E+01   -0.105486E+01   -0.251841E-01   -0.251841E-01
     0.500000E+00    0.781250E+00    0.000000E+00    0.000000E+00    0.000000E+00    0.000000E+00   -0.361497E-01    0.159752E+00    0.189762E+01   -0.897617E+00   -0.224366E-01   -0.224366E-01
     0.500000E+00    0.796875E+00    0.000000E+00    0.000000E+00    0.000000E+00    0.000000E+00   -0.359062E-01    0.146799E+00    0.177501E+01   -0.775005E+00   -0.199098E-01   -0.199098E-01
     0.500000E+00    0.812500E+00    0.000000E+00    0.000000E+00    0.000000E+00    0.000000E+00   -0.356589E-01    0.135533E+00    0.167821E+01   -0.678209E+00   -0.175724E-01   -0.175724E-01
     0.500000E+00    0.828125E+00    0.000000E+00    0.000000E+00    0.000000E+00    0.000000E+00   -0.354643E-01    0.125605E+00    0.160222E+01   -0.602225E+00   -0.154004E-01   -0.154004E-01
     0.500000E+00    0.843750E+00    0.000000E+00    0.000000E+00    0.000000E+00    0.000000E+00   -0.353648E-01    0.116713E+00    0.154116E+01   -0.541157E+00   -0.133749E-01   -0.133749E-01
     0.500000E+00    0.859375E+00    0.000000E+00    0.000000E+00    0.000000E+00    0.000000E+00   -0.353625E-01    0.108693E+00    0.149095E+01   -0.490950E+00   -0.114806E-01   -0.114806E-01
     0.500000E+00    0.875000E+00    0.000000E+00    0.000000E+00    0.000000E+00    0.000000E+00   -0.354277E-01    0.101371E+00    0.144971E+01   -0.449713E+00   -0.970655E-02   -0.970655E-02
     0.500000E+00    0.890625E+00    0.000000E+00    0.000000E+00    0.000000E+00    0.000000E+00   -0.355777E-01    0.946399E-01    0.141628E+01   -0.416284E+00   -0.804226E-02   -0.804226E-02
     0.500000E+00    0.906250E+00    0.000000E+00    0.000000E+00    0.000000E+00    0.000000E+00   -0.358190E-01    0.883623E-01    0.138991E+01   -0.389914E+00   -0.647946E-02   -0.647946E-02
     0.500000E+00    0.921875E+00    0.000000E+00    0.000000E+00    0.000000E+00    0.000000E+00   -0.361465E-01    0.824550E-01    0.136844E+01   -0.368445E+00   -0.501128E-02   -0.501128E-02
     0.500000E+00    0.937500E+00    0.000000E+00    0.000000E+00    0.000000E+00    0.000000E+00   -0.365399E-01    0.768484E-01    0.135102E+01   -0.351015E+00   -0.363325E-02   -0.363325E-02
     0.500000E+00    0.953125E+00    0.000000E+00    0.000000E+00    0.000000E+00    0.000000E+00   -0.369858E-01    0.714858E-01    0.133653E+01   -0.336530E+00   -0.234096E-02   -0.234096E-02
     0.500000E+00    0.968750E+00    0.000000E+00    0.000000E+00    0.000000E+00    0.000000E+00   -0.374880E-01    0.663318E-01    0.132520E+01   -0.325204E+00   -0.113082E-02   -0.113082E-02
     0.500000E+00    0.984375E+00    0.000000E+00    0.000000E+00    0.000000E+00    0.000000E+00   -0.380485E-01    0.613232E-01    0.131688E+01   -0.316882E+00    0.000000E+00    0.000000E+00
     0.500000E+00    0.100000E+01    0.000000E+00    0.000000E+00    0.000000E+00    0.000000E+00   -0.386567E-01    0.564293E-01    0.131051E+01   -0.310509E+00    0.105366E-02    0.105366E-02
