    -0.799001E+01
    -0.797002E+01
    -0.795003E+01
    -0.793004E+01
    -0.791006E+01
    -0.789007E+01
    -0.787008E+01
    -0.785009E+01
    -0.783011E+01
    -0.781012E+01
    -0.779013E+01
    -0.777014E+01
    -0.775016E+01
    -0.773017E+01
    -0.771018E+01
    -0.769019E+01
    -0.767021E+01
    -0.765022E+01
    -0.763023E+01
    -0.761024E+01
    -0.759026E+01
    -0.757027E+01
    -0.755028E+01
    -0.753029E+01
    -0.751031E+01
    -0.749032E+01
    -0.747033E+01
    -0.745034E+01
    -0.743036E+01
    -0.741037E+01
    -0.739038E+01
    -0.737039E+01
    -0.735041E+01
    -0.733042E+01
    -0.731043E+01
    -0.729044E+01
    -0.727046E+01
    -0.725047E+01
    -0.723048E+01
    -0.721049E+01
    -0.719051E+01
    -0.717052E+01
    -0.715053E+01
    -0.713054E+01
    -0.711056E+01
    -0.709057E+01
    -0.707058E+01
    -0.705059E+01
    -0.703061E+01
    -0.701062E+01
    -0.699063E+01
    -0.697064E+01
    -0.695066E+01
    -0.693067E+01
    -0.691068E+01
    -0.689069E+01
    -0.687071E+01
    -0.685072E+01
    -0.683073E+01
    -0.681074E+01
    -0.679076E+01
    -0.677077E+01
    -0.675078E+01
    -0.673079E+01
    -0.671081E+01
    -0.669082E+01
    -0.667083E+01
    -0.665084E+01
    -0.663086E+01
    -0.661087E+01
    -0.659088E+01
    -0.657089E+01
    -0.655091E+01
    -0.653092E+01
    -0.651093E+01
    -0.649094E+01
    -0.647096E+01
    -0.645097E+01
    -0.643098E+01
    -0.641099E+01
    -0.639101E+01
    -0.637102E+01
    -0.635103E+01
    -0.633104E+01
    -0.631106E+01
    -0.629107E+01
    -0.627108E+01
    -0.625109E+01
    -0.623111E+01
    -0.621112E+01
    -0.619113E+01
    -0.617114E+01
    -0.615116E+01
    -0.613117E+01
    -0.611118E+01
    -0.609119E+01
    -0.607121E+01
    -0.605122E+01
    -0.603123E+01
    -0.601124E+01
    -0.599126E+01
    -0.597127E+01
    -0.595128E+01
    -0.593129E+01
    -0.591131E+01
    -0.589132E+01
    -0.587133E+01
    -0.585134E+01
    -0.583136E+01
    -0.581137E+01
    -0.579138E+01
    -0.577139E+01
    -0.575141E+01
    -0.573142E+01
    -0.571143E+01
    -0.569144E+01
    -0.567146E+01
    -0.565147E+01
    -0.563148E+01
    -0.561149E+01
    -0.559151E+01
    -0.557152E+01
    -0.555153E+01
    -0.553154E+01
    -0.551156E+01
    -0.549157E+01
    -0.547158E+01
    -0.545159E+01
    -0.543161E+01
    -0.541162E+01
    -0.539163E+01
    -0.537164E+01
    -0.535166E+01
    -0.533167E+01
    -0.531168E+01
    -0.529169E+01
    -0.527171E+01
    -0.525172E+01
    -0.523173E+01
    -0.521174E+01
    -0.519176E+01
    -0.517177E+01
    -0.515178E+01
    -0.513179E+01
    -0.511181E+01
    -0.509182E+01
    -0.507183E+01
    -0.505184E+01
    -0.503186E+01
    -0.501187E+01
    -0.499188E+01
    -0.497189E+01
    -0.495191E+01
    -0.493192E+01
    -0.491193E+01
    -0.489194E+01
    -0.487196E+01
    -0.485197E+01
    -0.483198E+01
    -0.481199E+01
    -0.479200E+01
    -0.477202E+01
    -0.475203E+01
    -0.473204E+01
    -0.471205E+01
    -0.469207E+01
    -0.467208E+01
    -0.465209E+01
    -0.463210E+01
    -0.461212E+01
    -0.459213E+01
    -0.457214E+01
    -0.455215E+01
    -0.453217E+01
    -0.451218E+01
    -0.449219E+01
    -0.447220E+01
    -0.445222E+01
    -0.443223E+01
    -0.441224E+01
    -0.439225E+01
    -0.437227E+01
    -0.435228E+01
    -0.433229E+01
    -0.431230E+01
    -0.429232E+01
    -0.427233E+01
    -0.425234E+01
    -0.423235E+01
    -0.421237E+01
    -0.419238E+01
    -0.417239E+01
    -0.415240E+01
    -0.413242E+01
    -0.411243E+01
    -0.409244E+01
    -0.407245E+01
    -0.405247E+01
    -0.403248E+01
    -0.401249E+01
    -0.399250E+01
    -0.397252E+01
    -0.395253E+01
    -0.393254E+01
    -0.391255E+01
    -0.389257E+01
    -0.387258E+01
    -0.385259E+01
    -0.383260E+01
    -0.381262E+01
    -0.379263E+01
    -0.377264E+01
    -0.375265E+01
    -0.373267E+01
    -0.371268E+01
    -0.369269E+01
    -0.367270E+01
    -0.365272E+01
    -0.363273E+01
    -0.361274E+01
    -0.359275E+01
    -0.357277E+01
    -0.355278E+01
    -0.353279E+01
    -0.351280E+01
    -0.349282E+01
    -0.347283E+01
    -0.345284E+01
    -0.343285E+01
    -0.341287E+01
    -0.339288E+01
    -0.337289E+01
    -0.335290E+01
    -0.333292E+01
    -0.331293E+01
    -0.329294E+01
    -0.327295E+01
    -0.325297E+01
    -0.323298E+01
    -0.321299E+01
    -0.319300E+01
    -0.317302E+01
    -0.315303E+01
    -0.313304E+01
    -0.311305E+01
    -0.309307E+01
    -0.307308E+01
    -0.305309E+01
    -0.303310E+01
    -0.301312E+01
    -0.299313E+01
    -0.297314E+01
    -0.295315E+01
    -0.293317E+01
    -0.291318E+01
    -0.289319E+01
    -0.287320E+01
    -0.285322E+01
    -0.283323E+01
    -0.281324E+01
    -0.279325E+01
    -0.277327E+01
    -0.275328E+01
    -0.273329E+01
    -0.271330E+01
    -0.269332E+01
    -0.267333E+01
    -0.265334E+01
    -0.263335E+01
    -0.261337E+01
    -0.259338E+01
    -0.257339E+01
    -0.255340E+01
    -0.253342E+01
    -0.251343E+01
    -0.249344E+01
    -0.247345E+01
    -0.245347E+01
    -0.243348E+01
    -0.241349E+01
    -0.239350E+01
    -0.237352E+01
    -0.235353E+01
    -0.233354E+01
    -0.231355E+01
    -0.229357E+01
    -0.227358E+01
    -0.225359E+01
    -0.223360E+01
    -0.221362E+01
    -0.219363E+01
    -0.217364E+01
    -0.215365E+01
    -0.213367E+01
    -0.211368E+01
    -0.209369E+01
    -0.207370E+01
    -0.205372E+01
    -0.203373E+01
    -0.201374E+01
    -0.199375E+01
    -0.197377E+01
    -0.195378E+01
    -0.193379E+01
    -0.191380E+01
    -0.189382E+01
    -0.187383E+01
    -0.185384E+01
    -0.183385E+01
    -0.181387E+01
    -0.179388E+01
    -0.177389E+01
    -0.175390E+01
    -0.173392E+01
    -0.171393E+01
    -0.169394E+01
    -0.167395E+01
    -0.165397E+01
    -0.163398E+01
    -0.161399E+01
    -0.159400E+01
    -0.157402E+01
    -0.155403E+01
    -0.153404E+01
    -0.151405E+01
    -0.149407E+01
    -0.147408E+01
    -0.145409E+01
    -0.143410E+01
    -0.141412E+01
    -0.139413E+01
    -0.137414E+01
    -0.135415E+01
    -0.133417E+01
    -0.131418E+01
    -0.129419E+01
    -0.127420E+01
    -0.125422E+01
    -0.123423E+01
    -0.121424E+01
    -0.119425E+01
    -0.117427E+01
    -0.115428E+01
    -0.113429E+01
    -0.111430E+01
    -0.109432E+01
    -0.107433E+01
    -0.105434E+01
    -0.103435E+01
    -0.101437E+01
    -0.994379E+00
    -0.974391E+00
    -0.954403E+00
    -0.934416E+00
    -0.914428E+00
    -0.894441E+00
    -0.874453E+00
    -0.854466E+00
    -0.834478E+00
    -0.814491E+00
    -0.794503E+00
    -0.774516E+00
    -0.754528E+00
    -0.734541E+00
    -0.714553E+00
    -0.694566E+00
    -0.674578E+00
    -0.654591E+00
    -0.634603E+00
    -0.614616E+00
    -0.594628E+00
    -0.574641E+00
    -0.554653E+00
    -0.534666E+00
    -0.514678E+00
    -0.494691E+00
    -0.474703E+00
    -0.454716E+00
    -0.434728E+00
    -0.414741E+00
    -0.394753E+00
    -0.374766E+00
    -0.354778E+00
    -0.334791E+00
    -0.314803E+00
    -0.294816E+00
    -0.274828E+00
    -0.254841E+00
    -0.234853E+00
    -0.214866E+00
    -0.194878E+00
    -0.174891E+00
    -0.154903E+00
    -0.134916E+00
    -0.114928E+00
    -0.949407E-01
    -0.749532E-01
    -0.549656E-01
    -0.349781E-01
    -0.149906E-01
     0.499688E-02
     0.249844E-01
     0.449719E-01
     0.649594E-01
     0.849469E-01
     0.104934E+00
     0.124922E+00
     0.144909E+00
     0.164897E+00
     0.184884E+00
     0.204872E+00
     0.224859E+00
     0.244847E+00
     0.264834E+00
     0.284822E+00
     0.304809E+00
     0.324797E+00
     0.344785E+00
     0.364772E+00
     0.384760E+00
     0.404747E+00
     0.424735E+00
     0.444722E+00
     0.464710E+00
     0.484697E+00
     0.504685E+00
     0.524672E+00
     0.544660E+00
     0.564647E+00
     0.584635E+00
     0.604622E+00
     0.624610E+00
     0.644597E+00
     0.664585E+00
     0.684572E+00
     0.704560E+00
     0.724547E+00
     0.744535E+00
     0.764522E+00
     0.784510E+00
     0.804497E+00
     0.824485E+00
     0.844472E+00
     0.864460E+00
     0.884447E+00
     0.904435E+00
     0.924422E+00
     0.944410E+00
     0.964397E+00
     0.984385E+00
     0.100437E+01
     0.102436E+01
     0.104435E+01
     0.106433E+01
     0.108432E+01
     0.110431E+01
     0.112430E+01
     0.114428E+01
     0.116427E+01
     0.118426E+01
     0.120425E+01
     0.122423E+01
     0.124422E+01
     0.126421E+01
     0.128420E+01
     0.130418E+01
     0.132417E+01
     0.134416E+01
     0.136415E+01
     0.138413E+01
     0.140412E+01
     0.142411E+01
     0.144410E+01
     0.146408E+01
     0.148407E+01
     0.150406E+01
     0.152405E+01
     0.154403E+01
     0.156402E+01
     0.158401E+01
     0.160400E+01
     0.162399E+01
     0.164397E+01
     0.166396E+01
     0.168395E+01
     0.170394E+01
     0.172392E+01
     0.174391E+01
     0.176390E+01
     0.178389E+01
     0.180387E+01
     0.182386E+01
     0.184385E+01
     0.186384E+01
     0.188382E+01
     0.190381E+01
     0.192380E+01
     0.194379E+01
     0.196377E+01
     0.198376E+01
     0.200375E+01
     0.202374E+01
     0.204372E+01
     0.206371E+01
     0.208370E+01
     0.210369E+01
     0.212367E+01
     0.214366E+01
     0.216365E+01
     0.218364E+01
     0.220362E+01
     0.222361E+01
     0.224360E+01
     0.226359E+01
     0.228357E+01
     0.230356E+01
     0.232355E+01
     0.234354E+01
     0.236352E+01
     0.238351E+01
     0.240350E+01
     0.242349E+01
     0.244347E+01
     0.246346E+01
     0.248345E+01
     0.250344E+01
     0.252342E+01
     0.254341E+01
     0.256340E+01
     0.258339E+01
     0.260337E+01
     0.262336E+01
     0.264335E+01
     0.266334E+01
     0.268332E+01
     0.270331E+01
     0.272330E+01
     0.274329E+01
     0.276327E+01
     0.278326E+01
     0.280325E+01
     0.282324E+01
     0.284322E+01
     0.286321E+01
     0.288320E+01
     0.290319E+01
     0.292317E+01
     0.294316E+01
     0.296315E+01
     0.298314E+01
     0.300312E+01
     0.302311E+01
     0.304310E+01
     0.306309E+01
     0.308307E+01
     0.310306E+01
     0.312305E+01
     0.314304E+01
     0.316302E+01
     0.318301E+01
     0.320300E+01
     0.322299E+01
     0.324297E+01
     0.326296E+01
     0.328295E+01
     0.330294E+01
     0.332292E+01
     0.334291E+01
     0.336290E+01
     0.338289E+01
     0.340287E+01
     0.342286E+01
     0.344285E+01
     0.346284E+01
     0.348282E+01
     0.350281E+01
     0.352280E+01
     0.354279E+01
     0.356277E+01
     0.358276E+01
     0.360275E+01
     0.362274E+01
     0.364272E+01
     0.366271E+01
     0.368270E+01
     0.370269E+01
     0.372267E+01
     0.374266E+01
     0.376265E+01
     0.378264E+01
     0.380262E+01
     0.382261E+01
     0.384260E+01
     0.386259E+01
     0.388257E+01
     0.390256E+01
     0.392255E+01
     0.394254E+01
     0.396252E+01
     0.398251E+01
     0.400250E+01
     0.402249E+01
     0.404247E+01
     0.406246E+01
     0.408245E+01
     0.410244E+01
     0.412242E+01
     0.414241E+01
     0.416240E+01
     0.418239E+01
     0.420237E+01
     0.422236E+01
     0.424235E+01
     0.426234E+01
     0.428232E+01
     0.430231E+01
     0.432230E+01
     0.434229E+01
     0.436227E+01
     0.438226E+01
     0.440225E+01
     0.442224E+01
     0.444222E+01
     0.446221E+01
     0.448220E+01
     0.450219E+01
     0.452217E+01
     0.454216E+01
     0.456215E+01
     0.458214E+01
     0.460212E+01
     0.462211E+01
     0.464210E+01
     0.466209E+01
     0.468207E+01
     0.470206E+01
     0.472205E+01
     0.474204E+01
     0.476202E+01
     0.478201E+01
     0.480200E+01
     0.482199E+01
     0.484197E+01
     0.486196E+01
     0.488195E+01
     0.490194E+01
     0.492192E+01
     0.494191E+01
     0.496190E+01
     0.498189E+01
     0.500187E+01
     0.502186E+01
     0.504185E+01
     0.506184E+01
     0.508182E+01
     0.510181E+01
     0.512180E+01
     0.514179E+01
     0.516177E+01
     0.518176E+01
     0.520175E+01
     0.522174E+01
     0.524172E+01
     0.526171E+01
     0.528170E+01
     0.530169E+01
     0.532167E+01
     0.534166E+01
     0.536165E+01
     0.538164E+01
     0.540162E+01
     0.542161E+01
     0.544160E+01
     0.546159E+01
     0.548157E+01
     0.550156E+01
     0.552155E+01
     0.554154E+01
     0.556152E+01
     0.558151E+01
     0.560150E+01
     0.562149E+01
     0.564147E+01
     0.566146E+01
     0.568145E+01
     0.570144E+01
     0.572142E+01
     0.574141E+01
     0.576140E+01
     0.578139E+01
     0.580137E+01
     0.582136E+01
     0.584135E+01
     0.586134E+01
     0.588132E+01
     0.590131E+01
     0.592130E+01
     0.594129E+01
     0.596127E+01
     0.598126E+01
     0.600125E+01
     0.602124E+01
     0.604122E+01
     0.606121E+01
     0.608120E+01
     0.610119E+01
     0.612117E+01
     0.614116E+01
     0.616115E+01
     0.618114E+01
     0.620112E+01
     0.622111E+01
     0.624110E+01
     0.626109E+01
     0.628107E+01
     0.630106E+01
     0.632105E+01
     0.634104E+01
     0.636102E+01
     0.638101E+01
     0.640100E+01
     0.642099E+01
     0.644097E+01
     0.646096E+01
     0.648095E+01
     0.650094E+01
     0.652092E+01
     0.654091E+01
     0.656090E+01
     0.658089E+01
     0.660087E+01
     0.662086E+01
     0.664085E+01
     0.666084E+01
     0.668082E+01
     0.670081E+01
     0.672080E+01
     0.674079E+01
     0.676077E+01
     0.678076E+01
     0.680075E+01
     0.682074E+01
     0.684072E+01
     0.686071E+01
     0.688070E+01
     0.690069E+01
     0.692067E+01
     0.694066E+01
     0.696065E+01
     0.698064E+01
     0.700062E+01
     0.702061E+01
     0.704060E+01
     0.706059E+01
     0.708057E+01
     0.710056E+01
     0.712055E+01
     0.714054E+01
     0.716052E+01
     0.718051E+01
     0.720050E+01
     0.722049E+01
     0.724047E+01
     0.726046E+01
     0.728045E+01
     0.730044E+01
     0.732042E+01
     0.734041E+01
     0.736040E+01
     0.738039E+01
     0.740037E+01
     0.742036E+01
     0.744035E+01
     0.746034E+01
     0.748032E+01
     0.750031E+01
     0.752030E+01
     0.754029E+01
     0.756027E+01
     0.758026E+01
     0.760025E+01
     0.762024E+01
     0.764022E+01
     0.766021E+01
     0.768020E+01
     0.770019E+01
     0.772017E+01
     0.774016E+01
     0.776015E+01
     0.778014E+01
     0.780012E+01
     0.782011E+01
     0.784010E+01
     0.786009E+01
     0.788007E+01
     0.790006E+01
     0.792005E+01
     0.794004E+01
     0.796002E+01
     0.798001E+01
     0.800000E+01
     0.801999E+01
     0.803998E+01
     0.805996E+01
     0.807995E+01
     0.809994E+01
     0.811993E+01
     0.813991E+01
     0.815990E+01
     0.817989E+01
     0.819988E+01
     0.821986E+01
     0.823985E+01
     0.825984E+01
     0.827983E+01
     0.829981E+01
     0.831980E+01
     0.833979E+01
     0.835978E+01
     0.837976E+01
     0.839975E+01
     0.841974E+01
     0.843973E+01
     0.845971E+01
     0.847970E+01
     0.849969E+01
     0.851968E+01
     0.853966E+01
     0.855965E+01
     0.857964E+01
     0.859963E+01
     0.861961E+01
     0.863960E+01
     0.865959E+01
     0.867958E+01
     0.869956E+01
     0.871955E+01
     0.873954E+01
     0.875953E+01
     0.877951E+01
     0.879950E+01
     0.881949E+01
     0.883948E+01
     0.885946E+01
     0.887945E+01
     0.889944E+01
     0.891943E+01
     0.893941E+01
     0.895940E+01
     0.897939E+01
     0.899938E+01
     0.901936E+01
     0.903935E+01
     0.905934E+01
     0.907933E+01
     0.909931E+01
     0.911930E+01
     0.913929E+01
     0.915928E+01
     0.917926E+01
     0.919925E+01
     0.921924E+01
     0.923923E+01
     0.925921E+01
     0.927920E+01
     0.929919E+01
     0.931918E+01
     0.933916E+01
     0.935915E+01
     0.937914E+01
     0.939913E+01
     0.941911E+01
     0.943910E+01
     0.945909E+01
     0.947908E+01
     0.949906E+01
     0.951905E+01
     0.953904E+01
     0.955903E+01
     0.957901E+01
     0.959900E+01
     0.961899E+01
     0.963898E+01
     0.965896E+01
     0.967895E+01
     0.969894E+01
     0.971893E+01
     0.973891E+01
     0.975890E+01
     0.977889E+01
     0.979888E+01
     0.981886E+01
     0.983885E+01
     0.985884E+01
     0.987883E+01
     0.989881E+01
     0.991880E+01
     0.993879E+01
     0.995878E+01
     0.997876E+01
     0.999875E+01
     0.100187E+02
     0.100387E+02
     0.100587E+02
     0.100787E+02
     0.100987E+02
     0.101187E+02
     0.101387E+02
     0.101587E+02
     0.101786E+02
     0.101986E+02
     0.102186E+02
     0.102386E+02
     0.102586E+02
     0.102786E+02
     0.102986E+02
     0.103186E+02
     0.103385E+02
     0.103585E+02
     0.103785E+02
     0.103985E+02
     0.104185E+02
     0.104385E+02
     0.104585E+02
     0.104785E+02
     0.104984E+02
     0.105184E+02
     0.105384E+02
     0.105584E+02
     0.105784E+02
     0.105984E+02
     0.106184E+02
     0.106384E+02
     0.106583E+02
     0.106783E+02
     0.106983E+02
     0.107183E+02
     0.107383E+02
     0.107583E+02
     0.107783E+02
     0.107983E+02
     0.108182E+02
     0.108382E+02
     0.108582E+02
     0.108782E+02
     0.108982E+02
     0.109182E+02
     0.109382E+02
     0.109582E+02
     0.109781E+02
     0.109981E+02
     0.110181E+02
     0.110381E+02
     0.110581E+02
     0.110781E+02
     0.110981E+02
     0.111181E+02
     0.111380E+02
     0.111580E+02
     0.111780E+02
     0.111980E+02
     0.112180E+02
     0.112380E+02
     0.112580E+02
     0.112780E+02
     0.112979E+02
     0.113179E+02
     0.113379E+02
     0.113579E+02
     0.113779E+02
     0.113979E+02
     0.114179E+02
     0.114379E+02
     0.114578E+02
     0.114778E+02
     0.114978E+02
     0.115178E+02
     0.115378E+02
     0.115578E+02
     0.115778E+02
     0.115978E+02
     0.116177E+02
     0.116377E+02
     0.116577E+02
     0.116777E+02
     0.116977E+02
     0.117177E+02
     0.117377E+02
     0.117577E+02
     0.117776E+02
     0.117976E+02
     0.118176E+02
     0.118376E+02
     0.118576E+02
     0.118776E+02
     0.118976E+02
     0.119176E+02
     0.119375E+02
     0.119575E+02
     0.119775E+02
     0.119975E+02
     0.120175E+02
     0.120375E+02
     0.120575E+02
     0.120775E+02
     0.120974E+02
     0.121174E+02
     0.121374E+02
     0.121574E+02
     0.121774E+02
     0.121974E+02
     0.122174E+02
     0.122374E+02
     0.122573E+02
     0.122773E+02
     0.122973E+02
     0.123173E+02
     0.123373E+02
     0.123573E+02
     0.123773E+02
     0.123973E+02
     0.124172E+02
     0.124372E+02
     0.124572E+02
     0.124772E+02
     0.124972E+02
     0.125172E+02
     0.125372E+02
     0.125572E+02
     0.125771E+02
     0.125971E+02
     0.126171E+02
     0.126371E+02
     0.126571E+02
     0.126771E+02
     0.126971E+02
     0.127171E+02
     0.127370E+02
     0.127570E+02
     0.127770E+02
     0.127970E+02
     0.128170E+02
     0.128370E+02
     0.128570E+02
     0.128770E+02
     0.128969E+02
     0.129169E+02
     0.129369E+02
     0.129569E+02
     0.129769E+02
     0.129969E+02
     0.130169E+02
     0.130369E+02
     0.130568E+02
     0.130768E+02
     0.130968E+02
     0.131168E+02
     0.131368E+02
     0.131568E+02
     0.131768E+02
     0.131968E+02
     0.132167E+02
     0.132367E+02
     0.132567E+02
     0.132767E+02
     0.132967E+02
     0.133167E+02
     0.133367E+02
     0.133567E+02
     0.133766E+02
     0.133966E+02
     0.134166E+02
     0.134366E+02
     0.134566E+02
     0.134766E+02
     0.134966E+02
     0.135166E+02
     0.135365E+02
     0.135565E+02
     0.135765E+02
     0.135965E+02
     0.136165E+02
     0.136365E+02
     0.136565E+02
     0.136765E+02
     0.136964E+02
     0.137164E+02
     0.137364E+02
     0.137564E+02
     0.137764E+02
     0.137964E+02
     0.138164E+02
     0.138364E+02
     0.138563E+02
     0.138763E+02
     0.138963E+02
     0.139163E+02
     0.139363E+02
     0.139563E+02
     0.139763E+02
     0.139963E+02
     0.140162E+02
     0.140362E+02
     0.140562E+02
     0.140762E+02
     0.140962E+02
     0.141162E+02
     0.141362E+02
     0.141562E+02
     0.141761E+02
     0.141961E+02
     0.142161E+02
     0.142361E+02
     0.142561E+02
     0.142761E+02
     0.142961E+02
     0.143161E+02
     0.143360E+02
     0.143560E+02
     0.143760E+02
     0.143960E+02
     0.144160E+02
     0.144360E+02
     0.144560E+02
     0.144760E+02
     0.144959E+02
     0.145159E+02
     0.145359E+02
     0.145559E+02
     0.145759E+02
     0.145959E+02
     0.146159E+02
     0.146359E+02
     0.146558E+02
     0.146758E+02
     0.146958E+02
     0.147158E+02
     0.147358E+02
     0.147558E+02
     0.147758E+02
     0.147958E+02
     0.148157E+02
     0.148357E+02
     0.148557E+02
     0.148757E+02
     0.148957E+02
     0.149157E+02
     0.149357E+02
     0.149557E+02
     0.149756E+02
     0.149956E+02
     0.150156E+02
     0.150356E+02
     0.150556E+02
     0.150756E+02
     0.150956E+02
     0.151156E+02
     0.151355E+02
     0.151555E+02
     0.151755E+02
     0.151955E+02
     0.152155E+02
     0.152355E+02
     0.152555E+02
     0.152755E+02
     0.152954E+02
     0.153154E+02
     0.153354E+02
     0.153554E+02
     0.153754E+02
     0.153954E+02
     0.154154E+02
     0.154354E+02
     0.154553E+02
     0.154753E+02
     0.154953E+02
     0.155153E+02
     0.155353E+02
     0.155553E+02
     0.155753E+02
     0.155953E+02
     0.156152E+02
     0.156352E+02
     0.156552E+02
     0.156752E+02
     0.156952E+02
     0.157152E+02
     0.157352E+02
     0.157552E+02
     0.157751E+02
     0.157951E+02
     0.158151E+02
     0.158351E+02
     0.158551E+02
     0.158751E+02
     0.158951E+02
     0.159151E+02
     0.159350E+02
     0.159550E+02
     0.159750E+02
     0.159950E+02
     0.160150E+02
     0.160350E+02
     0.160550E+02
     0.160750E+02
     0.160949E+02
     0.161149E+02
     0.161349E+02
     0.161549E+02
     0.161749E+02
     0.161949E+02
     0.162149E+02
     0.162349E+02
     0.162548E+02
     0.162748E+02
     0.162948E+02
     0.163148E+02
     0.163348E+02
     0.163548E+02
     0.163748E+02
     0.163948E+02
     0.164147E+02
     0.164347E+02
     0.164547E+02
     0.164747E+02
     0.164947E+02
     0.165147E+02
     0.165347E+02
     0.165547E+02
     0.165746E+02
     0.165946E+02
     0.166146E+02
     0.166346E+02
     0.166546E+02
     0.166746E+02
     0.166946E+02
     0.167146E+02
     0.167345E+02
     0.167545E+02
     0.167745E+02
     0.167945E+02
     0.168145E+02
     0.168345E+02
     0.168545E+02
     0.168745E+02
     0.168944E+02
     0.169144E+02
     0.169344E+02
     0.169544E+02
     0.169744E+02
     0.169944E+02
     0.170144E+02
     0.170344E+02
     0.170543E+02
     0.170743E+02
     0.170943E+02
     0.171143E+02
     0.171343E+02
     0.171543E+02
     0.171743E+02
     0.171943E+02
     0.172142E+02
     0.172342E+02
     0.172542E+02
     0.172742E+02
     0.172942E+02
     0.173142E+02
     0.173342E+02
     0.173542E+02
     0.173741E+02
     0.173941E+02
     0.174141E+02
     0.174341E+02
     0.174541E+02
     0.174741E+02
     0.174941E+02
     0.175141E+02
     0.175340E+02
     0.175540E+02
     0.175740E+02
     0.175940E+02
     0.176140E+02
     0.176340E+02
     0.176540E+02
     0.176740E+02
     0.176939E+02
     0.177139E+02
     0.177339E+02
     0.177539E+02
     0.177739E+02
     0.177939E+02
     0.178139E+02
     0.178339E+02
     0.178538E+02
     0.178738E+02
     0.178938E+02
     0.179138E+02
     0.179338E+02
     0.179538E+02
     0.179738E+02
     0.179938E+02
     0.180137E+02
     0.180337E+02
     0.180537E+02
     0.180737E+02
     0.180937E+02
     0.181137E+02
     0.181337E+02
     0.181537E+02
     0.181736E+02
     0.181936E+02
     0.182136E+02
     0.182336E+02
     0.182536E+02
     0.182736E+02
     0.182936E+02
     0.183136E+02
     0.183335E+02
     0.183535E+02
     0.183735E+02
     0.183935E+02
     0.184135E+02
     0.184335E+02
     0.184535E+02
     0.184735E+02
     0.184934E+02
     0.185134E+02
     0.185334E+02
     0.185534E+02
     0.185734E+02
     0.185934E+02
     0.186134E+02
     0.186334E+02
     0.186533E+02
     0.186733E+02
     0.186933E+02
     0.187133E+02
     0.187333E+02
     0.187533E+02
     0.187733E+02
     0.187933E+02
     0.188132E+02
     0.188332E+02
     0.188532E+02
     0.188732E+02
     0.188932E+02
     0.189132E+02
     0.189332E+02
     0.189532E+02
     0.189731E+02
     0.189931E+02
     0.190131E+02
     0.190331E+02
     0.190531E+02
     0.190731E+02
     0.190931E+02
     0.191131E+02
     0.191330E+02
     0.191530E+02
     0.191730E+02
     0.191930E+02
     0.192130E+02
     0.192330E+02
     0.192530E+02
     0.192730E+02
     0.192929E+02
     0.193129E+02
     0.193329E+02
     0.193529E+02
     0.193729E+02
     0.193929E+02
     0.194129E+02
     0.194329E+02
     0.194528E+02
     0.194728E+02
     0.194928E+02
     0.195128E+02
     0.195328E+02
     0.195528E+02
     0.195728E+02
     0.195928E+02
     0.196127E+02
     0.196327E+02
     0.196527E+02
     0.196727E+02
     0.196927E+02
     0.197127E+02
     0.197327E+02
     0.197527E+02
     0.197726E+02
     0.197926E+02
     0.198126E+02
     0.198326E+02
     0.198526E+02
     0.198726E+02
     0.198926E+02
     0.199126E+02
     0.199325E+02
     0.199525E+02
     0.199725E+02
     0.199925E+02
     0.200125E+02
     0.200325E+02
     0.200525E+02
     0.200725E+02
     0.200924E+02
     0.201124E+02
     0.201324E+02
     0.201524E+02
     0.201724E+02
     0.201924E+02
     0.202124E+02
     0.202324E+02
     0.202523E+02
     0.202723E+02
     0.202923E+02
     0.203123E+02
     0.203323E+02
     0.203523E+02
     0.203723E+02
     0.203923E+02
     0.204122E+02
     0.204322E+02
     0.204522E+02
     0.204722E+02
     0.204922E+02
     0.205122E+02
     0.205322E+02
     0.205522E+02
     0.205721E+02
     0.205921E+02
     0.206121E+02
     0.206321E+02
     0.206521E+02
     0.206721E+02
     0.206921E+02
     0.207121E+02
     0.207320E+02
     0.207520E+02
     0.207720E+02
     0.207920E+02
     0.208120E+02
     0.208320E+02
     0.208520E+02
     0.208720E+02
     0.208919E+02
     0.209119E+02
     0.209319E+02
     0.209519E+02
     0.209719E+02
     0.209919E+02
     0.210119E+02
     0.210319E+02
     0.210518E+02
     0.210718E+02
     0.210918E+02
     0.211118E+02
     0.211318E+02
     0.211518E+02
     0.211718E+02
     0.211918E+02
     0.212117E+02
     0.212317E+02
     0.212517E+02
     0.212717E+02
     0.212917E+02
     0.213117E+02
     0.213317E+02
     0.213517E+02
     0.213716E+02
     0.213916E+02
     0.214116E+02
     0.214316E+02
     0.214516E+02
     0.214716E+02
     0.214916E+02
     0.215116E+02
     0.215315E+02
     0.215515E+02
     0.215715E+02
     0.215915E+02
     0.216115E+02
     0.216315E+02
     0.216515E+02
     0.216715E+02
     0.216914E+02
     0.217114E+02
     0.217314E+02
     0.217514E+02
     0.217714E+02
     0.217914E+02
     0.218114E+02
     0.218314E+02
     0.218513E+02
     0.218713E+02
     0.218913E+02
     0.219113E+02
     0.219313E+02
     0.219513E+02
     0.219713E+02
     0.219913E+02
     0.220112E+02
     0.220312E+02
     0.220512E+02
     0.220712E+02
     0.220912E+02
     0.221112E+02
     0.221312E+02
     0.221512E+02
     0.221711E+02
     0.221911E+02
     0.222111E+02
     0.222311E+02
     0.222511E+02
     0.222711E+02
     0.222911E+02
     0.223111E+02
     0.223310E+02
     0.223510E+02
     0.223710E+02
     0.223910E+02
     0.224110E+02
     0.224310E+02
     0.224510E+02
     0.224710E+02
     0.224909E+02
     0.225109E+02
     0.225309E+02
     0.225509E+02
     0.225709E+02
     0.225909E+02
     0.226109E+02
     0.226309E+02
     0.226508E+02
     0.226708E+02
     0.226908E+02
     0.227108E+02
     0.227308E+02
     0.227508E+02
     0.227708E+02
     0.227908E+02
     0.228107E+02
     0.228307E+02
     0.228507E+02
     0.228707E+02
     0.228907E+02
     0.229107E+02
     0.229307E+02
     0.229507E+02
     0.229706E+02
     0.229906E+02
     0.230106E+02
     0.230306E+02
     0.230506E+02
     0.230706E+02
     0.230906E+02
     0.231106E+02
     0.231305E+02
     0.231505E+02
     0.231705E+02
     0.231905E+02
     0.232105E+02
     0.232305E+02
     0.232505E+02
     0.232705E+02
     0.232904E+02
     0.233104E+02
     0.233304E+02
     0.233504E+02
     0.233704E+02
     0.233904E+02
     0.234104E+02
     0.234304E+02
     0.234503E+02
     0.234703E+02
     0.234903E+02
     0.235103E+02
     0.235303E+02
     0.235503E+02
     0.235703E+02
     0.235903E+02
     0.236102E+02
     0.236302E+02
     0.236502E+02
     0.236702E+02
     0.236902E+02
     0.237102E+02
     0.237302E+02
     0.237502E+02
     0.237701E+02
     0.237901E+02
     0.238101E+02
     0.238301E+02
     0.238501E+02
     0.238701E+02
     0.238901E+02
     0.239101E+02
     0.239300E+02
     0.239500E+02
     0.239700E+02
     0.239900E+02
