    -0.800000E+01
    -0.798001E+01
    -0.796002E+01
    -0.794004E+01
    -0.792005E+01
    -0.790006E+01
    -0.788007E+01
    -0.786009E+01
    -0.784010E+01
    -0.782011E+01
    -0.780012E+01
    -0.778014E+01
    -0.776015E+01
    -0.774016E+01
    -0.772017E+01
    -0.770019E+01
    -0.768020E+01
    -0.766021E+01
    -0.764022E+01
    -0.762024E+01
    -0.760025E+01
    -0.758026E+01
    -0.756027E+01
    -0.754029E+01
    -0.752030E+01
    -0.750031E+01
    -0.748032E+01
    -0.746034E+01
    -0.744035E+01
    -0.742036E+01
    -0.740037E+01
    -0.738039E+01
    -0.736040E+01
    -0.734041E+01
    -0.732042E+01
    -0.730044E+01
    -0.728045E+01
    -0.726046E+01
    -0.724047E+01
    -0.722049E+01
    -0.720050E+01
    -0.718051E+01
    -0.716052E+01
    -0.714054E+01
    -0.712055E+01
    -0.710056E+01
    -0.708057E+01
    -0.706059E+01
    -0.704060E+01
    -0.702061E+01
    -0.700062E+01
    -0.698064E+01
    -0.696065E+01
    -0.694066E+01
    -0.692067E+01
    -0.690069E+01
    -0.688070E+01
    -0.686071E+01
    -0.684072E+01
    -0.682074E+01
    -0.680075E+01
    -0.678076E+01
    -0.676077E+01
    -0.674079E+01
    -0.672080E+01
    -0.670081E+01
    -0.668082E+01
    -0.666084E+01
    -0.664085E+01
    -0.662086E+01
    -0.660087E+01
    -0.658089E+01
    -0.656090E+01
    -0.654091E+01
    -0.652092E+01
    -0.650094E+01
    -0.648095E+01
    -0.646096E+01
    -0.644097E+01
    -0.642099E+01
    -0.640100E+01
    -0.638101E+01
    -0.636102E+01
    -0.634104E+01
    -0.632105E+01
    -0.630106E+01
    -0.628107E+01
    -0.626109E+01
    -0.624110E+01
    -0.622111E+01
    -0.620112E+01
    -0.618114E+01
    -0.616115E+01
    -0.614116E+01
    -0.612117E+01
    -0.610119E+01
    -0.608120E+01
    -0.606121E+01
    -0.604122E+01
    -0.602124E+01
    -0.600125E+01
    -0.598126E+01
    -0.596127E+01
    -0.594129E+01
    -0.592130E+01
    -0.590131E+01
    -0.588132E+01
    -0.586134E+01
    -0.584135E+01
    -0.582136E+01
    -0.580137E+01
    -0.578139E+01
    -0.576140E+01
    -0.574141E+01
    -0.572142E+01
    -0.570144E+01
    -0.568145E+01
    -0.566146E+01
    -0.564147E+01
    -0.562149E+01
    -0.560150E+01
    -0.558151E+01
    -0.556152E+01
    -0.554154E+01
    -0.552155E+01
    -0.550156E+01
    -0.548157E+01
    -0.546159E+01
    -0.544160E+01
    -0.542161E+01
    -0.540162E+01
    -0.538164E+01
    -0.536165E+01
    -0.534166E+01
    -0.532167E+01
    -0.530169E+01
    -0.528170E+01
    -0.526171E+01
    -0.524172E+01
    -0.522174E+01
    -0.520175E+01
    -0.518176E+01
    -0.516177E+01
    -0.514179E+01
    -0.512180E+01
    -0.510181E+01
    -0.508182E+01
    -0.506184E+01
    -0.504185E+01
    -0.502186E+01
    -0.500187E+01
    -0.498189E+01
    -0.496190E+01
    -0.494191E+01
    -0.492192E+01
    -0.490194E+01
    -0.488195E+01
    -0.486196E+01
    -0.484197E+01
    -0.482199E+01
    -0.480200E+01
    -0.478201E+01
    -0.476202E+01
    -0.474204E+01
    -0.472205E+01
    -0.470206E+01
    -0.468207E+01
    -0.466209E+01
    -0.464210E+01
    -0.462211E+01
    -0.460212E+01
    -0.458214E+01
    -0.456215E+01
    -0.454216E+01
    -0.452217E+01
    -0.450219E+01
    -0.448220E+01
    -0.446221E+01
    -0.444222E+01
    -0.442224E+01
    -0.440225E+01
    -0.438226E+01
    -0.436227E+01
    -0.434229E+01
    -0.432230E+01
    -0.430231E+01
    -0.428232E+01
    -0.426234E+01
    -0.424235E+01
    -0.422236E+01
    -0.420237E+01
    -0.418239E+01
    -0.416240E+01
    -0.414241E+01
    -0.412242E+01
    -0.410244E+01
    -0.408245E+01
    -0.406246E+01
    -0.404247E+01
    -0.402249E+01
    -0.400250E+01
    -0.398251E+01
    -0.396252E+01
    -0.394254E+01
    -0.392255E+01
    -0.390256E+01
    -0.388257E+01
    -0.386259E+01
    -0.384260E+01
    -0.382261E+01
    -0.380262E+01
    -0.378264E+01
    -0.376265E+01
    -0.374266E+01
    -0.372267E+01
    -0.370269E+01
    -0.368270E+01
    -0.366271E+01
    -0.364272E+01
    -0.362274E+01
    -0.360275E+01
    -0.358276E+01
    -0.356277E+01
    -0.354279E+01
    -0.352280E+01
    -0.350281E+01
    -0.348282E+01
    -0.346284E+01
    -0.344285E+01
    -0.342286E+01
    -0.340287E+01
    -0.338289E+01
    -0.336290E+01
    -0.334291E+01
    -0.332292E+01
    -0.330294E+01
    -0.328295E+01
    -0.326296E+01
    -0.324297E+01
    -0.322299E+01
    -0.320300E+01
    -0.318301E+01
    -0.316302E+01
    -0.314304E+01
    -0.312305E+01
    -0.310306E+01
    -0.308307E+01
    -0.306309E+01
    -0.304310E+01
    -0.302311E+01
    -0.300312E+01
    -0.298314E+01
    -0.296315E+01
    -0.294316E+01
    -0.292317E+01
    -0.290319E+01
    -0.288320E+01
    -0.286321E+01
    -0.284322E+01
    -0.282324E+01
    -0.280325E+01
    -0.278326E+01
    -0.276327E+01
    -0.274329E+01
    -0.272330E+01
    -0.270331E+01
    -0.268332E+01
    -0.266334E+01
    -0.264335E+01
    -0.262336E+01
    -0.260337E+01
    -0.258339E+01
    -0.256340E+01
    -0.254341E+01
    -0.252342E+01
    -0.250344E+01
    -0.248345E+01
    -0.246346E+01
    -0.244347E+01
    -0.242349E+01
    -0.240350E+01
    -0.238351E+01
    -0.236352E+01
    -0.234354E+01
    -0.232355E+01
    -0.230356E+01
    -0.228357E+01
    -0.226359E+01
    -0.224360E+01
    -0.222361E+01
    -0.220362E+01
    -0.218364E+01
    -0.216365E+01
    -0.214366E+01
    -0.212367E+01
    -0.210369E+01
    -0.208370E+01
    -0.206371E+01
    -0.204372E+01
    -0.202374E+01
    -0.200375E+01
    -0.198376E+01
    -0.196377E+01
    -0.194379E+01
    -0.192380E+01
    -0.190381E+01
    -0.188382E+01
    -0.186384E+01
    -0.184385E+01
    -0.182386E+01
    -0.180387E+01
    -0.178389E+01
    -0.176390E+01
    -0.174391E+01
    -0.172392E+01
    -0.170394E+01
    -0.168395E+01
    -0.166396E+01
    -0.164397E+01
    -0.162399E+01
    -0.160400E+01
    -0.158401E+01
    -0.156402E+01
    -0.154403E+01
    -0.152405E+01
    -0.150406E+01
    -0.148407E+01
    -0.146408E+01
    -0.144410E+01
    -0.142411E+01
    -0.140412E+01
    -0.138413E+01
    -0.136415E+01
    -0.134416E+01
    -0.132417E+01
    -0.130418E+01
    -0.128420E+01
    -0.126421E+01
    -0.124422E+01
    -0.122423E+01
    -0.120425E+01
    -0.118426E+01
    -0.116427E+01
    -0.114428E+01
    -0.112430E+01
    -0.110431E+01
    -0.108432E+01
    -0.106433E+01
    -0.104435E+01
    -0.102436E+01
    -0.100437E+01
    -0.984385E+00
    -0.964397E+00
    -0.944410E+00
    -0.924422E+00
    -0.904435E+00
    -0.884447E+00
    -0.864460E+00
    -0.844472E+00
    -0.824485E+00
    -0.804497E+00
    -0.784510E+00
    -0.764522E+00
    -0.744535E+00
    -0.724547E+00
    -0.704560E+00
    -0.684572E+00
    -0.664585E+00
    -0.644597E+00
    -0.624610E+00
    -0.604622E+00
    -0.584635E+00
    -0.564647E+00
    -0.544660E+00
    -0.524672E+00
    -0.504685E+00
    -0.484697E+00
    -0.464710E+00
    -0.444722E+00
    -0.424735E+00
    -0.404747E+00
    -0.384760E+00
    -0.364772E+00
    -0.344785E+00
    -0.324797E+00
    -0.304809E+00
    -0.284822E+00
    -0.264834E+00
    -0.244847E+00
    -0.224859E+00
    -0.204872E+00
    -0.184884E+00
    -0.164897E+00
    -0.144909E+00
    -0.124922E+00
    -0.104934E+00
    -0.849469E-01
    -0.649594E-01
    -0.449719E-01
    -0.249844E-01
    -0.499688E-02
     0.149906E-01
     0.349781E-01
     0.549656E-01
     0.749532E-01
     0.949407E-01
     0.114928E+00
     0.134916E+00
     0.154903E+00
     0.174891E+00
     0.194878E+00
     0.214866E+00
     0.234853E+00
     0.254841E+00
     0.274828E+00
     0.294816E+00
     0.314803E+00
     0.334791E+00
     0.354778E+00
     0.374766E+00
     0.394753E+00
     0.414741E+00
     0.434728E+00
     0.454716E+00
     0.474703E+00
     0.494691E+00
     0.514678E+00
     0.534666E+00
     0.554653E+00
     0.574641E+00
     0.594628E+00
     0.614616E+00
     0.634603E+00
     0.654591E+00
     0.674578E+00
     0.694566E+00
     0.714553E+00
     0.734541E+00
     0.754528E+00
     0.774516E+00
     0.794503E+00
     0.814491E+00
     0.834478E+00
     0.854466E+00
     0.874453E+00
     0.894441E+00
     0.914428E+00
     0.934416E+00
     0.954403E+00
     0.974391E+00
     0.994379E+00
     0.101437E+01
     0.103435E+01
     0.105434E+01
     0.107433E+01
     0.109432E+01
     0.111430E+01
     0.113429E+01
     0.115428E+01
     0.117427E+01
     0.119425E+01
     0.121424E+01
     0.123423E+01
     0.125422E+01
     0.127420E+01
     0.129419E+01
     0.131418E+01
     0.133417E+01
     0.135415E+01
     0.137414E+01
     0.139413E+01
     0.141412E+01
     0.143410E+01
     0.145409E+01
     0.147408E+01
     0.149407E+01
     0.151405E+01
     0.153404E+01
     0.155403E+01
     0.157402E+01
     0.159400E+01
     0.161399E+01
     0.163398E+01
     0.165397E+01
     0.167395E+01
     0.169394E+01
     0.171393E+01
     0.173392E+01
     0.175390E+01
     0.177389E+01
     0.179388E+01
     0.181387E+01
     0.183385E+01
     0.185384E+01
     0.187383E+01
     0.189382E+01
     0.191380E+01
     0.193379E+01
     0.195378E+01
     0.197377E+01
     0.199375E+01
     0.201374E+01
     0.203373E+01
     0.205372E+01
     0.207370E+01
     0.209369E+01
     0.211368E+01
     0.213367E+01
     0.215365E+01
     0.217364E+01
     0.219363E+01
     0.221362E+01
     0.223360E+01
     0.225359E+01
     0.227358E+01
     0.229357E+01
     0.231355E+01
     0.233354E+01
     0.235353E+01
     0.237352E+01
     0.239350E+01
     0.241349E+01
     0.243348E+01
     0.245347E+01
     0.247345E+01
     0.249344E+01
     0.251343E+01
     0.253342E+01
     0.255340E+01
     0.257339E+01
     0.259338E+01
     0.261337E+01
     0.263335E+01
     0.265334E+01
     0.267333E+01
     0.269332E+01
     0.271330E+01
     0.273329E+01
     0.275328E+01
     0.277327E+01
     0.279325E+01
     0.281324E+01
     0.283323E+01
     0.285322E+01
     0.287320E+01
     0.289319E+01
     0.291318E+01
     0.293317E+01
     0.295315E+01
     0.297314E+01
     0.299313E+01
     0.301312E+01
     0.303310E+01
     0.305309E+01
     0.307308E+01
     0.309307E+01
     0.311305E+01
     0.313304E+01
     0.315303E+01
     0.317302E+01
     0.319300E+01
     0.321299E+01
     0.323298E+01
     0.325297E+01
     0.327295E+01
     0.329294E+01
     0.331293E+01
     0.333292E+01
     0.335290E+01
     0.337289E+01
     0.339288E+01
     0.341287E+01
     0.343285E+01
     0.345284E+01
     0.347283E+01
     0.349282E+01
     0.351280E+01
     0.353279E+01
     0.355278E+01
     0.357277E+01
     0.359275E+01
     0.361274E+01
     0.363273E+01
     0.365272E+01
     0.367270E+01
     0.369269E+01
     0.371268E+01
     0.373267E+01
     0.375265E+01
     0.377264E+01
     0.379263E+01
     0.381262E+01
     0.383260E+01
     0.385259E+01
     0.387258E+01
     0.389257E+01
     0.391255E+01
     0.393254E+01
     0.395253E+01
     0.397252E+01
     0.399250E+01
     0.401249E+01
     0.403248E+01
     0.405247E+01
     0.407245E+01
     0.409244E+01
     0.411243E+01
     0.413242E+01
     0.415240E+01
     0.417239E+01
     0.419238E+01
     0.421237E+01
     0.423235E+01
     0.425234E+01
     0.427233E+01
     0.429232E+01
     0.431230E+01
     0.433229E+01
     0.435228E+01
     0.437227E+01
     0.439225E+01
     0.441224E+01
     0.443223E+01
     0.445222E+01
     0.447220E+01
     0.449219E+01
     0.451218E+01
     0.453217E+01
     0.455215E+01
     0.457214E+01
     0.459213E+01
     0.461212E+01
     0.463210E+01
     0.465209E+01
     0.467208E+01
     0.469207E+01
     0.471205E+01
     0.473204E+01
     0.475203E+01
     0.477202E+01
     0.479200E+01
     0.481199E+01
     0.483198E+01
     0.485197E+01
     0.487196E+01
     0.489194E+01
     0.491193E+01
     0.493192E+01
     0.495191E+01
     0.497189E+01
     0.499188E+01
     0.501187E+01
     0.503186E+01
     0.505184E+01
     0.507183E+01
     0.509182E+01
     0.511181E+01
     0.513179E+01
     0.515178E+01
     0.517177E+01
     0.519176E+01
     0.521174E+01
     0.523173E+01
     0.525172E+01
     0.527171E+01
     0.529169E+01
     0.531168E+01
     0.533167E+01
     0.535166E+01
     0.537164E+01
     0.539163E+01
     0.541162E+01
     0.543161E+01
     0.545159E+01
     0.547158E+01
     0.549157E+01
     0.551156E+01
     0.553154E+01
     0.555153E+01
     0.557152E+01
     0.559151E+01
     0.561149E+01
     0.563148E+01
     0.565147E+01
     0.567146E+01
     0.569144E+01
     0.571143E+01
     0.573142E+01
     0.575141E+01
     0.577139E+01
     0.579138E+01
     0.581137E+01
     0.583136E+01
     0.585134E+01
     0.587133E+01
     0.589132E+01
     0.591131E+01
     0.593129E+01
     0.595128E+01
     0.597127E+01
     0.599126E+01
     0.601124E+01
     0.603123E+01
     0.605122E+01
     0.607121E+01
     0.609119E+01
     0.611118E+01
     0.613117E+01
     0.615116E+01
     0.617114E+01
     0.619113E+01
     0.621112E+01
     0.623111E+01
     0.625109E+01
     0.627108E+01
     0.629107E+01
     0.631106E+01
     0.633104E+01
     0.635103E+01
     0.637102E+01
     0.639101E+01
     0.641099E+01
     0.643098E+01
     0.645097E+01
     0.647096E+01
     0.649094E+01
     0.651093E+01
     0.653092E+01
     0.655091E+01
     0.657089E+01
     0.659088E+01
     0.661087E+01
     0.663086E+01
     0.665084E+01
     0.667083E+01
     0.669082E+01
     0.671081E+01
     0.673079E+01
     0.675078E+01
     0.677077E+01
     0.679076E+01
     0.681074E+01
     0.683073E+01
     0.685072E+01
     0.687071E+01
     0.689069E+01
     0.691068E+01
     0.693067E+01
     0.695066E+01
     0.697064E+01
     0.699063E+01
     0.701062E+01
     0.703061E+01
     0.705059E+01
     0.707058E+01
     0.709057E+01
     0.711056E+01
     0.713054E+01
     0.715053E+01
     0.717052E+01
     0.719051E+01
     0.721049E+01
     0.723048E+01
     0.725047E+01
     0.727046E+01
     0.729044E+01
     0.731043E+01
     0.733042E+01
     0.735041E+01
     0.737039E+01
     0.739038E+01
     0.741037E+01
     0.743036E+01
     0.745034E+01
     0.747033E+01
     0.749032E+01
     0.751031E+01
     0.753029E+01
     0.755028E+01
     0.757027E+01
     0.759026E+01
     0.761024E+01
     0.763023E+01
     0.765022E+01
     0.767021E+01
     0.769019E+01
     0.771018E+01
     0.773017E+01
     0.775016E+01
     0.777014E+01
     0.779013E+01
     0.781012E+01
     0.783011E+01
     0.785009E+01
     0.787008E+01
     0.789007E+01
     0.791006E+01
     0.793004E+01
     0.795003E+01
     0.797002E+01
     0.799001E+01
     0.800999E+01
     0.802998E+01
     0.804997E+01
     0.806996E+01
     0.808994E+01
     0.810993E+01
     0.812992E+01
     0.814991E+01
     0.816989E+01
     0.818988E+01
     0.820987E+01
     0.822986E+01
     0.824984E+01
     0.826983E+01
     0.828982E+01
     0.830981E+01
     0.832979E+01
     0.834978E+01
     0.836977E+01
     0.838976E+01
     0.840974E+01
     0.842973E+01
     0.844972E+01
     0.846971E+01
     0.848969E+01
     0.850968E+01
     0.852967E+01
     0.854966E+01
     0.856964E+01
     0.858963E+01
     0.860962E+01
     0.862961E+01
     0.864959E+01
     0.866958E+01
     0.868957E+01
     0.870956E+01
     0.872954E+01
     0.874953E+01
     0.876952E+01
     0.878951E+01
     0.880949E+01
     0.882948E+01
     0.884947E+01
     0.886946E+01
     0.888944E+01
     0.890943E+01
     0.892942E+01
     0.894941E+01
     0.896939E+01
     0.898938E+01
     0.900937E+01
     0.902936E+01
     0.904934E+01
     0.906933E+01
     0.908932E+01
     0.910931E+01
     0.912929E+01
     0.914928E+01
     0.916927E+01
     0.918926E+01
     0.920924E+01
     0.922923E+01
     0.924922E+01
     0.926921E+01
     0.928919E+01
     0.930918E+01
     0.932917E+01
     0.934916E+01
     0.936914E+01
     0.938913E+01
     0.940912E+01
     0.942911E+01
     0.944909E+01
     0.946908E+01
     0.948907E+01
     0.950906E+01
     0.952904E+01
     0.954903E+01
     0.956902E+01
     0.958901E+01
     0.960899E+01
     0.962898E+01
     0.964897E+01
     0.966896E+01
     0.968894E+01
     0.970893E+01
     0.972892E+01
     0.974891E+01
     0.976889E+01
     0.978888E+01
     0.980887E+01
     0.982886E+01
     0.984884E+01
     0.986883E+01
     0.988882E+01
     0.990881E+01
     0.992879E+01
     0.994878E+01
     0.996877E+01
     0.998876E+01
     0.100087E+02
     0.100287E+02
     0.100487E+02
     0.100687E+02
     0.100887E+02
     0.101087E+02
     0.101287E+02
     0.101487E+02
     0.101686E+02
     0.101886E+02
     0.102086E+02
     0.102286E+02
     0.102486E+02
     0.102686E+02
     0.102886E+02
     0.103086E+02
     0.103285E+02
     0.103485E+02
     0.103685E+02
     0.103885E+02
     0.104085E+02
     0.104285E+02
     0.104485E+02
     0.104685E+02
     0.104884E+02
     0.105084E+02
     0.105284E+02
     0.105484E+02
     0.105684E+02
     0.105884E+02
     0.106084E+02
     0.106284E+02
     0.106483E+02
     0.106683E+02
     0.106883E+02
     0.107083E+02
     0.107283E+02
     0.107483E+02
     0.107683E+02
     0.107883E+02
     0.108082E+02
     0.108282E+02
     0.108482E+02
     0.108682E+02
     0.108882E+02
     0.109082E+02
     0.109282E+02
     0.109482E+02
     0.109681E+02
     0.109881E+02
     0.110081E+02
     0.110281E+02
     0.110481E+02
     0.110681E+02
     0.110881E+02
     0.111081E+02
     0.111280E+02
     0.111480E+02
     0.111680E+02
     0.111880E+02
     0.112080E+02
     0.112280E+02
     0.112480E+02
     0.112680E+02
     0.112879E+02
     0.113079E+02
     0.113279E+02
     0.113479E+02
     0.113679E+02
     0.113879E+02
     0.114079E+02
     0.114279E+02
     0.114478E+02
     0.114678E+02
     0.114878E+02
     0.115078E+02
     0.115278E+02
     0.115478E+02
     0.115678E+02
     0.115878E+02
     0.116077E+02
     0.116277E+02
     0.116477E+02
     0.116677E+02
     0.116877E+02
     0.117077E+02
     0.117277E+02
     0.117477E+02
     0.117676E+02
     0.117876E+02
     0.118076E+02
     0.118276E+02
     0.118476E+02
     0.118676E+02
     0.118876E+02
     0.119076E+02
     0.119275E+02
     0.119475E+02
     0.119675E+02
     0.119875E+02
     0.120075E+02
     0.120275E+02
     0.120475E+02
     0.120675E+02
     0.120874E+02
     0.121074E+02
     0.121274E+02
     0.121474E+02
     0.121674E+02
     0.121874E+02
     0.122074E+02
     0.122274E+02
     0.122473E+02
     0.122673E+02
     0.122873E+02
     0.123073E+02
     0.123273E+02
     0.123473E+02
     0.123673E+02
     0.123873E+02
     0.124072E+02
     0.124272E+02
     0.124472E+02
     0.124672E+02
     0.124872E+02
     0.125072E+02
     0.125272E+02
     0.125472E+02
     0.125671E+02
     0.125871E+02
     0.126071E+02
     0.126271E+02
     0.126471E+02
     0.126671E+02
     0.126871E+02
     0.127071E+02
     0.127270E+02
     0.127470E+02
     0.127670E+02
     0.127870E+02
     0.128070E+02
     0.128270E+02
     0.128470E+02
     0.128670E+02
     0.128869E+02
     0.129069E+02
     0.129269E+02
     0.129469E+02
     0.129669E+02
     0.129869E+02
     0.130069E+02
     0.130269E+02
     0.130468E+02
     0.130668E+02
     0.130868E+02
     0.131068E+02
     0.131268E+02
     0.131468E+02
     0.131668E+02
     0.131868E+02
     0.132067E+02
     0.132267E+02
     0.132467E+02
     0.132667E+02
     0.132867E+02
     0.133067E+02
     0.133267E+02
     0.133467E+02
     0.133666E+02
     0.133866E+02
     0.134066E+02
     0.134266E+02
     0.134466E+02
     0.134666E+02
     0.134866E+02
     0.135066E+02
     0.135265E+02
     0.135465E+02
     0.135665E+02
     0.135865E+02
     0.136065E+02
     0.136265E+02
     0.136465E+02
     0.136665E+02
     0.136864E+02
     0.137064E+02
     0.137264E+02
     0.137464E+02
     0.137664E+02
     0.137864E+02
     0.138064E+02
     0.138264E+02
     0.138463E+02
     0.138663E+02
     0.138863E+02
     0.139063E+02
     0.139263E+02
     0.139463E+02
     0.139663E+02
     0.139863E+02
     0.140062E+02
     0.140262E+02
     0.140462E+02
     0.140662E+02
     0.140862E+02
     0.141062E+02
     0.141262E+02
     0.141462E+02
     0.141661E+02
     0.141861E+02
     0.142061E+02
     0.142261E+02
     0.142461E+02
     0.142661E+02
     0.142861E+02
     0.143061E+02
     0.143260E+02
     0.143460E+02
     0.143660E+02
     0.143860E+02
     0.144060E+02
     0.144260E+02
     0.144460E+02
     0.144660E+02
     0.144859E+02
     0.145059E+02
     0.145259E+02
     0.145459E+02
     0.145659E+02
     0.145859E+02
     0.146059E+02
     0.146259E+02
     0.146458E+02
     0.146658E+02
     0.146858E+02
     0.147058E+02
     0.147258E+02
     0.147458E+02
     0.147658E+02
     0.147858E+02
     0.148057E+02
     0.148257E+02
     0.148457E+02
     0.148657E+02
     0.148857E+02
     0.149057E+02
     0.149257E+02
     0.149457E+02
     0.149656E+02
     0.149856E+02
     0.150056E+02
     0.150256E+02
     0.150456E+02
     0.150656E+02
     0.150856E+02
     0.151056E+02
     0.151255E+02
     0.151455E+02
     0.151655E+02
     0.151855E+02
     0.152055E+02
     0.152255E+02
     0.152455E+02
     0.152655E+02
     0.152854E+02
     0.153054E+02
     0.153254E+02
     0.153454E+02
     0.153654E+02
     0.153854E+02
     0.154054E+02
     0.154254E+02
     0.154453E+02
     0.154653E+02
     0.154853E+02
     0.155053E+02
     0.155253E+02
     0.155453E+02
     0.155653E+02
     0.155853E+02
     0.156052E+02
     0.156252E+02
     0.156452E+02
     0.156652E+02
     0.156852E+02
     0.157052E+02
     0.157252E+02
     0.157452E+02
     0.157651E+02
     0.157851E+02
     0.158051E+02
     0.158251E+02
     0.158451E+02
     0.158651E+02
     0.158851E+02
     0.159051E+02
     0.159250E+02
     0.159450E+02
     0.159650E+02
     0.159850E+02
     0.160050E+02
     0.160250E+02
     0.160450E+02
     0.160650E+02
     0.160849E+02
     0.161049E+02
     0.161249E+02
     0.161449E+02
     0.161649E+02
     0.161849E+02
     0.162049E+02
     0.162249E+02
     0.162448E+02
     0.162648E+02
     0.162848E+02
     0.163048E+02
     0.163248E+02
     0.163448E+02
     0.163648E+02
     0.163848E+02
     0.164047E+02
     0.164247E+02
     0.164447E+02
     0.164647E+02
     0.164847E+02
     0.165047E+02
     0.165247E+02
     0.165447E+02
     0.165646E+02
     0.165846E+02
     0.166046E+02
     0.166246E+02
     0.166446E+02
     0.166646E+02
     0.166846E+02
     0.167046E+02
     0.167245E+02
     0.167445E+02
     0.167645E+02
     0.167845E+02
     0.168045E+02
     0.168245E+02
     0.168445E+02
     0.168645E+02
     0.168844E+02
     0.169044E+02
     0.169244E+02
     0.169444E+02
     0.169644E+02
     0.169844E+02
     0.170044E+02
     0.170244E+02
     0.170443E+02
     0.170643E+02
     0.170843E+02
     0.171043E+02
     0.171243E+02
     0.171443E+02
     0.171643E+02
     0.171843E+02
     0.172042E+02
     0.172242E+02
     0.172442E+02
     0.172642E+02
     0.172842E+02
     0.173042E+02
     0.173242E+02
     0.173442E+02
     0.173641E+02
     0.173841E+02
     0.174041E+02
     0.174241E+02
     0.174441E+02
     0.174641E+02
     0.174841E+02
     0.175041E+02
     0.175240E+02
     0.175440E+02
     0.175640E+02
     0.175840E+02
     0.176040E+02
     0.176240E+02
     0.176440E+02
     0.176640E+02
     0.176839E+02
     0.177039E+02
     0.177239E+02
     0.177439E+02
     0.177639E+02
     0.177839E+02
     0.178039E+02
     0.178239E+02
     0.178438E+02
     0.178638E+02
     0.178838E+02
     0.179038E+02
     0.179238E+02
     0.179438E+02
     0.179638E+02
     0.179838E+02
     0.180037E+02
     0.180237E+02
     0.180437E+02
     0.180637E+02
     0.180837E+02
     0.181037E+02
     0.181237E+02
     0.181437E+02
     0.181636E+02
     0.181836E+02
     0.182036E+02
     0.182236E+02
     0.182436E+02
     0.182636E+02
     0.182836E+02
     0.183036E+02
     0.183235E+02
     0.183435E+02
     0.183635E+02
     0.183835E+02
     0.184035E+02
     0.184235E+02
     0.184435E+02
     0.184635E+02
     0.184834E+02
     0.185034E+02
     0.185234E+02
     0.185434E+02
     0.185634E+02
     0.185834E+02
     0.186034E+02
     0.186234E+02
     0.186433E+02
     0.186633E+02
     0.186833E+02
     0.187033E+02
     0.187233E+02
     0.187433E+02
     0.187633E+02
     0.187833E+02
     0.188032E+02
     0.188232E+02
     0.188432E+02
     0.188632E+02
     0.188832E+02
     0.189032E+02
     0.189232E+02
     0.189432E+02
     0.189631E+02
     0.189831E+02
     0.190031E+02
     0.190231E+02
     0.190431E+02
     0.190631E+02
     0.190831E+02
     0.191031E+02
     0.191230E+02
     0.191430E+02
     0.191630E+02
     0.191830E+02
     0.192030E+02
     0.192230E+02
     0.192430E+02
     0.192630E+02
     0.192829E+02
     0.193029E+02
     0.193229E+02
     0.193429E+02
     0.193629E+02
     0.193829E+02
     0.194029E+02
     0.194229E+02
     0.194428E+02
     0.194628E+02
     0.194828E+02
     0.195028E+02
     0.195228E+02
     0.195428E+02
     0.195628E+02
     0.195828E+02
     0.196027E+02
     0.196227E+02
     0.196427E+02
     0.196627E+02
     0.196827E+02
     0.197027E+02
     0.197227E+02
     0.197427E+02
     0.197626E+02
     0.197826E+02
     0.198026E+02
     0.198226E+02
     0.198426E+02
     0.198626E+02
     0.198826E+02
     0.199026E+02
     0.199225E+02
     0.199425E+02
     0.199625E+02
     0.199825E+02
     0.200025E+02
     0.200225E+02
     0.200425E+02
     0.200625E+02
     0.200824E+02
     0.201024E+02
     0.201224E+02
     0.201424E+02
     0.201624E+02
     0.201824E+02
     0.202024E+02
     0.202224E+02
     0.202423E+02
     0.202623E+02
     0.202823E+02
     0.203023E+02
     0.203223E+02
     0.203423E+02
     0.203623E+02
     0.203823E+02
     0.204022E+02
     0.204222E+02
     0.204422E+02
     0.204622E+02
     0.204822E+02
     0.205022E+02
     0.205222E+02
     0.205422E+02
     0.205621E+02
     0.205821E+02
     0.206021E+02
     0.206221E+02
     0.206421E+02
     0.206621E+02
     0.206821E+02
     0.207021E+02
     0.207220E+02
     0.207420E+02
     0.207620E+02
     0.207820E+02
     0.208020E+02
     0.208220E+02
     0.208420E+02
     0.208620E+02
     0.208819E+02
     0.209019E+02
     0.209219E+02
     0.209419E+02
     0.209619E+02
     0.209819E+02
     0.210019E+02
     0.210219E+02
     0.210418E+02
     0.210618E+02
     0.210818E+02
     0.211018E+02
     0.211218E+02
     0.211418E+02
     0.211618E+02
     0.211818E+02
     0.212017E+02
     0.212217E+02
     0.212417E+02
     0.212617E+02
     0.212817E+02
     0.213017E+02
     0.213217E+02
     0.213417E+02
     0.213616E+02
     0.213816E+02
     0.214016E+02
     0.214216E+02
     0.214416E+02
     0.214616E+02
     0.214816E+02
     0.215016E+02
     0.215215E+02
     0.215415E+02
     0.215615E+02
     0.215815E+02
     0.216015E+02
     0.216215E+02
     0.216415E+02
     0.216615E+02
     0.216814E+02
     0.217014E+02
     0.217214E+02
     0.217414E+02
     0.217614E+02
     0.217814E+02
     0.218014E+02
     0.218214E+02
     0.218413E+02
     0.218613E+02
     0.218813E+02
     0.219013E+02
     0.219213E+02
     0.219413E+02
     0.219613E+02
     0.219813E+02
     0.220012E+02
     0.220212E+02
     0.220412E+02
     0.220612E+02
     0.220812E+02
     0.221012E+02
     0.221212E+02
     0.221412E+02
     0.221611E+02
     0.221811E+02
     0.222011E+02
     0.222211E+02
     0.222411E+02
     0.222611E+02
     0.222811E+02
     0.223011E+02
     0.223210E+02
     0.223410E+02
     0.223610E+02
     0.223810E+02
     0.224010E+02
     0.224210E+02
     0.224410E+02
     0.224610E+02
     0.224809E+02
     0.225009E+02
     0.225209E+02
     0.225409E+02
     0.225609E+02
     0.225809E+02
     0.226009E+02
     0.226209E+02
     0.226408E+02
     0.226608E+02
     0.226808E+02
     0.227008E+02
     0.227208E+02
     0.227408E+02
     0.227608E+02
     0.227808E+02
     0.228007E+02
     0.228207E+02
     0.228407E+02
     0.228607E+02
     0.228807E+02
     0.229007E+02
     0.229207E+02
     0.229407E+02
     0.229606E+02
     0.229806E+02
     0.230006E+02
     0.230206E+02
     0.230406E+02
     0.230606E+02
     0.230806E+02
     0.231006E+02
     0.231205E+02
     0.231405E+02
     0.231605E+02
     0.231805E+02
     0.232005E+02
     0.232205E+02
     0.232405E+02
     0.232605E+02
     0.232804E+02
     0.233004E+02
     0.233204E+02
     0.233404E+02
     0.233604E+02
     0.233804E+02
     0.234004E+02
     0.234204E+02
     0.234403E+02
     0.234603E+02
     0.234803E+02
     0.235003E+02
     0.235203E+02
     0.235403E+02
     0.235603E+02
     0.235803E+02
     0.236002E+02
     0.236202E+02
     0.236402E+02
     0.236602E+02
     0.236802E+02
     0.237002E+02
     0.237202E+02
     0.237402E+02
     0.237601E+02
     0.237801E+02
     0.238001E+02
     0.238201E+02
     0.238401E+02
     0.238601E+02
     0.238801E+02
     0.239001E+02
     0.239200E+02
     0.239400E+02
     0.239600E+02
     0.239800E+02
     0.240000E+02
