    -0.799001E+01
    -0.797004E+01
    -0.795006E+01
    -0.793009E+01
    -0.791011E+01
    -0.789014E+01
    -0.787016E+01
    -0.785019E+01
    -0.783021E+01
    -0.781024E+01
    -0.779026E+01
    -0.777029E+01
    -0.775031E+01
    -0.773034E+01
    -0.771036E+01
    -0.769039E+01
    -0.767041E+01
    -0.765044E+01
    -0.763046E+01
    -0.761049E+01
    -0.759051E+01
    -0.757054E+01
    -0.755056E+01
    -0.753059E+01
    -0.751061E+01
    -0.749064E+01
    -0.747066E+01
    -0.745069E+01
    -0.743071E+01
    -0.741074E+01
    -0.739076E+01
    -0.737079E+01
    -0.735081E+01
    -0.733084E+01
    -0.731086E+01
    -0.729089E+01
    -0.727091E+01
    -0.725094E+01
    -0.723096E+01
    -0.721099E+01
    -0.719101E+01
    -0.717104E+01
    -0.715106E+01
    -0.713109E+01
    -0.711111E+01
    -0.709114E+01
    -0.707116E+01
    -0.705119E+01
    -0.703121E+01
    -0.701124E+01
    -0.699126E+01
    -0.697129E+01
    -0.695131E+01
    -0.693134E+01
    -0.691136E+01
    -0.689139E+01
    -0.687141E+01
    -0.685144E+01
    -0.683146E+01
    -0.681149E+01
    -0.679151E+01
    -0.677154E+01
    -0.675156E+01
    -0.673159E+01
    -0.671161E+01
    -0.669164E+01
    -0.667166E+01
    -0.665169E+01
    -0.663171E+01
    -0.661174E+01
    -0.659176E+01
    -0.657179E+01
    -0.655181E+01
    -0.653184E+01
    -0.651186E+01
    -0.649189E+01
    -0.647191E+01
    -0.645194E+01
    -0.643196E+01
    -0.641199E+01
    -0.639201E+01
    -0.637203E+01
    -0.635206E+01
    -0.633208E+01
    -0.631211E+01
    -0.629213E+01
    -0.627216E+01
    -0.625218E+01
    -0.623221E+01
    -0.621223E+01
    -0.619226E+01
    -0.617228E+01
    -0.615231E+01
    -0.613233E+01
    -0.611236E+01
    -0.609238E+01
    -0.607241E+01
    -0.605243E+01
    -0.603246E+01
    -0.601248E+01
    -0.599251E+01
    -0.597253E+01
    -0.595256E+01
    -0.593258E+01
    -0.591261E+01
    -0.589263E+01
    -0.587266E+01
    -0.585268E+01
    -0.583271E+01
    -0.581273E+01
    -0.579276E+01
    -0.577278E+01
    -0.575281E+01
    -0.573283E+01
    -0.571286E+01
    -0.569288E+01
    -0.567291E+01
    -0.565293E+01
    -0.563296E+01
    -0.561298E+01
    -0.559301E+01
    -0.557303E+01
    -0.555306E+01
    -0.553308E+01
    -0.551311E+01
    -0.549313E+01
    -0.547316E+01
    -0.545318E+01
    -0.543321E+01
    -0.541323E+01
    -0.539326E+01
    -0.537328E+01
    -0.535331E+01
    -0.533333E+01
    -0.531336E+01
    -0.529338E+01
    -0.527341E+01
    -0.525343E+01
    -0.523346E+01
    -0.521348E+01
    -0.519351E+01
    -0.517353E+01
    -0.515356E+01
    -0.513358E+01
    -0.511361E+01
    -0.509363E+01
    -0.507366E+01
    -0.505368E+01
    -0.503371E+01
    -0.501373E+01
    -0.499376E+01
    -0.497378E+01
    -0.495381E+01
    -0.493383E+01
    -0.491386E+01
    -0.489388E+01
    -0.487391E+01
    -0.485393E+01
    -0.483396E+01
    -0.481398E+01
    -0.479401E+01
    -0.477403E+01
    -0.475406E+01
    -0.473408E+01
    -0.471411E+01
    -0.469413E+01
    -0.467416E+01
    -0.465418E+01
    -0.463421E+01
    -0.461423E+01
    -0.459426E+01
    -0.457428E+01
    -0.455431E+01
    -0.453433E+01
    -0.451436E+01
    -0.449438E+01
    -0.447441E+01
    -0.445443E+01
    -0.443446E+01
    -0.441448E+01
    -0.439451E+01
    -0.437453E+01
    -0.435456E+01
    -0.433458E+01
    -0.431461E+01
    -0.429463E+01
    -0.427466E+01
    -0.425468E+01
    -0.423471E+01
    -0.421473E+01
    -0.419476E+01
    -0.417478E+01
    -0.415481E+01
    -0.413483E+01
    -0.411486E+01
    -0.409488E+01
    -0.407491E+01
    -0.405493E+01
    -0.403496E+01
    -0.401498E+01
    -0.399501E+01
    -0.397503E+01
    -0.395506E+01
    -0.393508E+01
    -0.391511E+01
    -0.389513E+01
    -0.387516E+01
    -0.385518E+01
    -0.383521E+01
    -0.381523E+01
    -0.379526E+01
    -0.377528E+01
    -0.375531E+01
    -0.373533E+01
    -0.371536E+01
    -0.369538E+01
    -0.367541E+01
    -0.365543E+01
    -0.363546E+01
    -0.361548E+01
    -0.359551E+01
    -0.357553E+01
    -0.355556E+01
    -0.353558E+01
    -0.351561E+01
    -0.349563E+01
    -0.347566E+01
    -0.345568E+01
    -0.343571E+01
    -0.341573E+01
    -0.339576E+01
    -0.337578E+01
    -0.335581E+01
    -0.333583E+01
    -0.331586E+01
    -0.329588E+01
    -0.327591E+01
    -0.325593E+01
    -0.323596E+01
    -0.321598E+01
    -0.319600E+01
    -0.317603E+01
    -0.315605E+01
    -0.313608E+01
    -0.311610E+01
    -0.309613E+01
    -0.307615E+01
    -0.305618E+01
    -0.303620E+01
    -0.301623E+01
    -0.299625E+01
    -0.297628E+01
    -0.295630E+01
    -0.293633E+01
    -0.291635E+01
    -0.289638E+01
    -0.287640E+01
    -0.285643E+01
    -0.283645E+01
    -0.281648E+01
    -0.279650E+01
    -0.277653E+01
    -0.275655E+01
    -0.273658E+01
    -0.271660E+01
    -0.269663E+01
    -0.267665E+01
    -0.265668E+01
    -0.263670E+01
    -0.261673E+01
    -0.259675E+01
    -0.257678E+01
    -0.255680E+01
    -0.253683E+01
    -0.251685E+01
    -0.249688E+01
    -0.247690E+01
    -0.245693E+01
    -0.243695E+01
    -0.241698E+01
    -0.239700E+01
    -0.237703E+01
    -0.235705E+01
    -0.233708E+01
    -0.231710E+01
    -0.229713E+01
    -0.227715E+01
    -0.225718E+01
    -0.223720E+01
    -0.221723E+01
    -0.219725E+01
    -0.217728E+01
    -0.215730E+01
    -0.213733E+01
    -0.211735E+01
    -0.209738E+01
    -0.207740E+01
    -0.205743E+01
    -0.203745E+01
    -0.201748E+01
    -0.199750E+01
    -0.197753E+01
    -0.195755E+01
    -0.193758E+01
    -0.191760E+01
    -0.189763E+01
    -0.187765E+01
    -0.185768E+01
    -0.183770E+01
    -0.181773E+01
    -0.179775E+01
    -0.177778E+01
    -0.175780E+01
    -0.173783E+01
    -0.171785E+01
    -0.169788E+01
    -0.167790E+01
    -0.165793E+01
    -0.163795E+01
    -0.161798E+01
    -0.159800E+01
    -0.157803E+01
    -0.155805E+01
    -0.153808E+01
    -0.151810E+01
    -0.149813E+01
    -0.147815E+01
    -0.145818E+01
    -0.143820E+01
    -0.141823E+01
    -0.139825E+01
    -0.137828E+01
    -0.135830E+01
    -0.133833E+01
    -0.131835E+01
    -0.129838E+01
    -0.127840E+01
    -0.125843E+01
    -0.123845E+01
    -0.121848E+01
    -0.119850E+01
    -0.117853E+01
    -0.115855E+01
    -0.113858E+01
    -0.111860E+01
    -0.109863E+01
    -0.107865E+01
    -0.105868E+01
    -0.103870E+01
    -0.101873E+01
    -0.998752E+00
    -0.978777E+00
    -0.958801E+00
    -0.938826E+00
    -0.918851E+00
    -0.898876E+00
    -0.878901E+00
    -0.858926E+00
    -0.838951E+00
    -0.818976E+00
    -0.799001E+00
    -0.779026E+00
    -0.759051E+00
    -0.739076E+00
    -0.719101E+00
    -0.699126E+00
    -0.679151E+00
    -0.659176E+00
    -0.639201E+00
    -0.619226E+00
    -0.599251E+00
    -0.579276E+00
    -0.559301E+00
    -0.539326E+00
    -0.519351E+00
    -0.499376E+00
    -0.479401E+00
    -0.459426E+00
    -0.439451E+00
    -0.419476E+00
    -0.399501E+00
    -0.379526E+00
    -0.359551E+00
    -0.339576E+00
    -0.319600E+00
    -0.299625E+00
    -0.279650E+00
    -0.259675E+00
    -0.239700E+00
    -0.219725E+00
    -0.199750E+00
    -0.179775E+00
    -0.159800E+00
    -0.139825E+00
    -0.119850E+00
    -0.998752E-01
    -0.799001E-01
    -0.599251E-01
    -0.399501E-01
    -0.199750E-01
     0.242861E-16
     0.199750E-01
     0.399501E-01
     0.599251E-01
     0.799001E-01
     0.998752E-01
     0.119850E+00
     0.139825E+00
     0.159800E+00
     0.179775E+00
     0.199750E+00
     0.219725E+00
     0.239700E+00
     0.259675E+00
     0.279650E+00
     0.299625E+00
     0.319600E+00
     0.339576E+00
     0.359551E+00
     0.379526E+00
     0.399501E+00
     0.419476E+00
     0.439451E+00
     0.459426E+00
     0.479401E+00
     0.499376E+00
     0.519351E+00
     0.539326E+00
     0.559301E+00
     0.579276E+00
     0.599251E+00
     0.619226E+00
     0.639201E+00
     0.659176E+00
     0.679151E+00
     0.699126E+00
     0.719101E+00
     0.739076E+00
     0.759051E+00
     0.779026E+00
     0.799001E+00
     0.818976E+00
     0.838951E+00
     0.858926E+00
     0.878901E+00
     0.898876E+00
     0.918851E+00
     0.938826E+00
     0.958801E+00
     0.978777E+00
     0.998752E+00
     0.101873E+01
     0.103870E+01
     0.105868E+01
     0.107865E+01
     0.109863E+01
     0.111860E+01
     0.113858E+01
     0.115855E+01
     0.117853E+01
     0.119850E+01
     0.121848E+01
     0.123845E+01
     0.125843E+01
     0.127840E+01
     0.129838E+01
     0.131835E+01
     0.133833E+01
     0.135830E+01
     0.137828E+01
     0.139825E+01
     0.141823E+01
     0.143820E+01
     0.145818E+01
     0.147815E+01
     0.149813E+01
     0.151810E+01
     0.153808E+01
     0.155805E+01
     0.157803E+01
     0.159800E+01
     0.161798E+01
     0.163795E+01
     0.165793E+01
     0.167790E+01
     0.169788E+01
     0.171785E+01
     0.173783E+01
     0.175780E+01
     0.177778E+01
     0.179775E+01
     0.181773E+01
     0.183770E+01
     0.185768E+01
     0.187765E+01
     0.189763E+01
     0.191760E+01
     0.193758E+01
     0.195755E+01
     0.197753E+01
     0.199750E+01
     0.201748E+01
     0.203745E+01
     0.205743E+01
     0.207740E+01
     0.209738E+01
     0.211735E+01
     0.213733E+01
     0.215730E+01
     0.217728E+01
     0.219725E+01
     0.221723E+01
     0.223720E+01
     0.225718E+01
     0.227715E+01
     0.229713E+01
     0.231710E+01
     0.233708E+01
     0.235705E+01
     0.237703E+01
     0.239700E+01
     0.241698E+01
     0.243695E+01
     0.245693E+01
     0.247690E+01
     0.249688E+01
     0.251685E+01
     0.253683E+01
     0.255680E+01
     0.257678E+01
     0.259675E+01
     0.261673E+01
     0.263670E+01
     0.265668E+01
     0.267665E+01
     0.269663E+01
     0.271660E+01
     0.273658E+01
     0.275655E+01
     0.277653E+01
     0.279650E+01
     0.281648E+01
     0.283645E+01
     0.285643E+01
     0.287640E+01
     0.289638E+01
     0.291635E+01
     0.293633E+01
     0.295630E+01
     0.297628E+01
     0.299625E+01
     0.301623E+01
     0.303620E+01
     0.305618E+01
     0.307615E+01
     0.309613E+01
     0.311610E+01
     0.313608E+01
     0.315605E+01
     0.317603E+01
     0.319600E+01
     0.321598E+01
     0.323596E+01
     0.325593E+01
     0.327591E+01
     0.329588E+01
     0.331586E+01
     0.333583E+01
     0.335581E+01
     0.337578E+01
     0.339576E+01
     0.341573E+01
     0.343571E+01
     0.345568E+01
     0.347566E+01
     0.349563E+01
     0.351561E+01
     0.353558E+01
     0.355556E+01
     0.357553E+01
     0.359551E+01
     0.361548E+01
     0.363546E+01
     0.365543E+01
     0.367541E+01
     0.369538E+01
     0.371536E+01
     0.373533E+01
     0.375531E+01
     0.377528E+01
     0.379526E+01
     0.381523E+01
     0.383521E+01
     0.385518E+01
     0.387516E+01
     0.389513E+01
     0.391511E+01
     0.393508E+01
     0.395506E+01
     0.397503E+01
     0.399501E+01
     0.401498E+01
     0.403496E+01
     0.405493E+01
     0.407491E+01
     0.409488E+01
     0.411486E+01
     0.413483E+01
     0.415481E+01
     0.417478E+01
     0.419476E+01
     0.421473E+01
     0.423471E+01
     0.425468E+01
     0.427466E+01
     0.429463E+01
     0.431461E+01
     0.433458E+01
     0.435456E+01
     0.437453E+01
     0.439451E+01
     0.441448E+01
     0.443446E+01
     0.445443E+01
     0.447441E+01
     0.449438E+01
     0.451436E+01
     0.453433E+01
     0.455431E+01
     0.457428E+01
     0.459426E+01
     0.461423E+01
     0.463421E+01
     0.465418E+01
     0.467416E+01
     0.469413E+01
     0.471411E+01
     0.473408E+01
     0.475406E+01
     0.477403E+01
     0.479401E+01
     0.481398E+01
     0.483396E+01
     0.485393E+01
     0.487391E+01
     0.489388E+01
     0.491386E+01
     0.493383E+01
     0.495381E+01
     0.497378E+01
     0.499376E+01
     0.501373E+01
     0.503371E+01
     0.505368E+01
     0.507366E+01
     0.509363E+01
     0.511361E+01
     0.513358E+01
     0.515356E+01
     0.517353E+01
     0.519351E+01
     0.521348E+01
     0.523346E+01
     0.525343E+01
     0.527341E+01
     0.529338E+01
     0.531336E+01
     0.533333E+01
     0.535331E+01
     0.537328E+01
     0.539326E+01
     0.541323E+01
     0.543321E+01
     0.545318E+01
     0.547316E+01
     0.549313E+01
     0.551311E+01
     0.553308E+01
     0.555306E+01
     0.557303E+01
     0.559301E+01
     0.561298E+01
     0.563296E+01
     0.565293E+01
     0.567291E+01
     0.569288E+01
     0.571286E+01
     0.573283E+01
     0.575281E+01
     0.577278E+01
     0.579276E+01
     0.581273E+01
     0.583271E+01
     0.585268E+01
     0.587266E+01
     0.589263E+01
     0.591261E+01
     0.593258E+01
     0.595256E+01
     0.597253E+01
     0.599251E+01
     0.601248E+01
     0.603246E+01
     0.605243E+01
     0.607241E+01
     0.609238E+01
     0.611236E+01
     0.613233E+01
     0.615231E+01
     0.617228E+01
     0.619226E+01
     0.621223E+01
     0.623221E+01
     0.625218E+01
     0.627216E+01
     0.629213E+01
     0.631211E+01
     0.633208E+01
     0.635206E+01
     0.637203E+01
     0.639201E+01
     0.641199E+01
     0.643196E+01
     0.645194E+01
     0.647191E+01
     0.649189E+01
     0.651186E+01
     0.653184E+01
     0.655181E+01
     0.657179E+01
     0.659176E+01
     0.661174E+01
     0.663171E+01
     0.665169E+01
     0.667166E+01
     0.669164E+01
     0.671161E+01
     0.673159E+01
     0.675156E+01
     0.677154E+01
     0.679151E+01
     0.681149E+01
     0.683146E+01
     0.685144E+01
     0.687141E+01
     0.689139E+01
     0.691136E+01
     0.693134E+01
     0.695131E+01
     0.697129E+01
     0.699126E+01
     0.701124E+01
     0.703121E+01
     0.705119E+01
     0.707116E+01
     0.709114E+01
     0.711111E+01
     0.713109E+01
     0.715106E+01
     0.717104E+01
     0.719101E+01
     0.721099E+01
     0.723096E+01
     0.725094E+01
     0.727091E+01
     0.729089E+01
     0.731086E+01
     0.733084E+01
     0.735081E+01
     0.737079E+01
     0.739076E+01
     0.741074E+01
     0.743071E+01
     0.745069E+01
     0.747066E+01
     0.749064E+01
     0.751061E+01
     0.753059E+01
     0.755056E+01
     0.757054E+01
     0.759051E+01
     0.761049E+01
     0.763046E+01
     0.765044E+01
     0.767041E+01
     0.769039E+01
     0.771036E+01
     0.773034E+01
     0.775031E+01
     0.777029E+01
     0.779026E+01
     0.781024E+01
     0.783021E+01
     0.785019E+01
     0.787016E+01
     0.789014E+01
     0.791011E+01
     0.793009E+01
     0.795006E+01
     0.797004E+01
     0.799001E+01
