    -0.800000E+01
    -0.798002E+01
    -0.796005E+01
    -0.794007E+01
    -0.792010E+01
    -0.790012E+01
    -0.788015E+01
    -0.786017E+01
    -0.784020E+01
    -0.782022E+01
    -0.780025E+01
    -0.778027E+01
    -0.776030E+01
    -0.774032E+01
    -0.772035E+01
    -0.770037E+01
    -0.768040E+01
    -0.766042E+01
    -0.764045E+01
    -0.762047E+01
    -0.760050E+01
    -0.758052E+01
    -0.756055E+01
    -0.754057E+01
    -0.752060E+01
    -0.750062E+01
    -0.748065E+01
    -0.746067E+01
    -0.744070E+01
    -0.742072E+01
    -0.740075E+01
    -0.738077E+01
    -0.736080E+01
    -0.734082E+01
    -0.732085E+01
    -0.730087E+01
    -0.728090E+01
    -0.726092E+01
    -0.724095E+01
    -0.722097E+01
    -0.720100E+01
    -0.718102E+01
    -0.716105E+01
    -0.714107E+01
    -0.712110E+01
    -0.710112E+01
    -0.708115E+01
    -0.706117E+01
    -0.704120E+01
    -0.702122E+01
    -0.700125E+01
    -0.698127E+01
    -0.696130E+01
    -0.694132E+01
    -0.692135E+01
    -0.690137E+01
    -0.688140E+01
    -0.686142E+01
    -0.684145E+01
    -0.682147E+01
    -0.680150E+01
    -0.678152E+01
    -0.676155E+01
    -0.674157E+01
    -0.672160E+01
    -0.670162E+01
    -0.668165E+01
    -0.666167E+01
    -0.664170E+01
    -0.662172E+01
    -0.660175E+01
    -0.658177E+01
    -0.656180E+01
    -0.654182E+01
    -0.652185E+01
    -0.650187E+01
    -0.648190E+01
    -0.646192E+01
    -0.644195E+01
    -0.642197E+01
    -0.640200E+01
    -0.638202E+01
    -0.636205E+01
    -0.634207E+01
    -0.632210E+01
    -0.630212E+01
    -0.628215E+01
    -0.626217E+01
    -0.624220E+01
    -0.622222E+01
    -0.620225E+01
    -0.618227E+01
    -0.616230E+01
    -0.614232E+01
    -0.612235E+01
    -0.610237E+01
    -0.608240E+01
    -0.606242E+01
    -0.604245E+01
    -0.602247E+01
    -0.600250E+01
    -0.598252E+01
    -0.596255E+01
    -0.594257E+01
    -0.592260E+01
    -0.590262E+01
    -0.588265E+01
    -0.586267E+01
    -0.584270E+01
    -0.582272E+01
    -0.580275E+01
    -0.578277E+01
    -0.576280E+01
    -0.574282E+01
    -0.572285E+01
    -0.570287E+01
    -0.568290E+01
    -0.566292E+01
    -0.564295E+01
    -0.562297E+01
    -0.560300E+01
    -0.558302E+01
    -0.556305E+01
    -0.554307E+01
    -0.552310E+01
    -0.550312E+01
    -0.548315E+01
    -0.546317E+01
    -0.544320E+01
    -0.542322E+01
    -0.540325E+01
    -0.538327E+01
    -0.536330E+01
    -0.534332E+01
    -0.532335E+01
    -0.530337E+01
    -0.528340E+01
    -0.526342E+01
    -0.524345E+01
    -0.522347E+01
    -0.520350E+01
    -0.518352E+01
    -0.516355E+01
    -0.514357E+01
    -0.512360E+01
    -0.510362E+01
    -0.508365E+01
    -0.506367E+01
    -0.504370E+01
    -0.502372E+01
    -0.500375E+01
    -0.498377E+01
    -0.496380E+01
    -0.494382E+01
    -0.492385E+01
    -0.490387E+01
    -0.488390E+01
    -0.486392E+01
    -0.484395E+01
    -0.482397E+01
    -0.480400E+01
    -0.478402E+01
    -0.476404E+01
    -0.474407E+01
    -0.472409E+01
    -0.470412E+01
    -0.468414E+01
    -0.466417E+01
    -0.464419E+01
    -0.462422E+01
    -0.460424E+01
    -0.458427E+01
    -0.456429E+01
    -0.454432E+01
    -0.452434E+01
    -0.450437E+01
    -0.448439E+01
    -0.446442E+01
    -0.444444E+01
    -0.442447E+01
    -0.440449E+01
    -0.438452E+01
    -0.436454E+01
    -0.434457E+01
    -0.432459E+01
    -0.430462E+01
    -0.428464E+01
    -0.426467E+01
    -0.424469E+01
    -0.422472E+01
    -0.420474E+01
    -0.418477E+01
    -0.416479E+01
    -0.414482E+01
    -0.412484E+01
    -0.410487E+01
    -0.408489E+01
    -0.406492E+01
    -0.404494E+01
    -0.402497E+01
    -0.400499E+01
    -0.398502E+01
    -0.396504E+01
    -0.394507E+01
    -0.392509E+01
    -0.390512E+01
    -0.388514E+01
    -0.386517E+01
    -0.384519E+01
    -0.382522E+01
    -0.380524E+01
    -0.378527E+01
    -0.376529E+01
    -0.374532E+01
    -0.372534E+01
    -0.370537E+01
    -0.368539E+01
    -0.366542E+01
    -0.364544E+01
    -0.362547E+01
    -0.360549E+01
    -0.358552E+01
    -0.356554E+01
    -0.354557E+01
    -0.352559E+01
    -0.350562E+01
    -0.348564E+01
    -0.346567E+01
    -0.344569E+01
    -0.342572E+01
    -0.340574E+01
    -0.338577E+01
    -0.336579E+01
    -0.334582E+01
    -0.332584E+01
    -0.330587E+01
    -0.328589E+01
    -0.326592E+01
    -0.324594E+01
    -0.322597E+01
    -0.320599E+01
    -0.318602E+01
    -0.316604E+01
    -0.314607E+01
    -0.312609E+01
    -0.310612E+01
    -0.308614E+01
    -0.306617E+01
    -0.304619E+01
    -0.302622E+01
    -0.300624E+01
    -0.298627E+01
    -0.296629E+01
    -0.294632E+01
    -0.292634E+01
    -0.290637E+01
    -0.288639E+01
    -0.286642E+01
    -0.284644E+01
    -0.282647E+01
    -0.280649E+01
    -0.278652E+01
    -0.276654E+01
    -0.274657E+01
    -0.272659E+01
    -0.270662E+01
    -0.268664E+01
    -0.266667E+01
    -0.264669E+01
    -0.262672E+01
    -0.260674E+01
    -0.258677E+01
    -0.256679E+01
    -0.254682E+01
    -0.252684E+01
    -0.250687E+01
    -0.248689E+01
    -0.246692E+01
    -0.244694E+01
    -0.242697E+01
    -0.240699E+01
    -0.238702E+01
    -0.236704E+01
    -0.234707E+01
    -0.232709E+01
    -0.230712E+01
    -0.228714E+01
    -0.226717E+01
    -0.224719E+01
    -0.222722E+01
    -0.220724E+01
    -0.218727E+01
    -0.216729E+01
    -0.214732E+01
    -0.212734E+01
    -0.210737E+01
    -0.208739E+01
    -0.206742E+01
    -0.204744E+01
    -0.202747E+01
    -0.200749E+01
    -0.198752E+01
    -0.196754E+01
    -0.194757E+01
    -0.192759E+01
    -0.190762E+01
    -0.188764E+01
    -0.186767E+01
    -0.184769E+01
    -0.182772E+01
    -0.180774E+01
    -0.178777E+01
    -0.176779E+01
    -0.174782E+01
    -0.172784E+01
    -0.170787E+01
    -0.168789E+01
    -0.166792E+01
    -0.164794E+01
    -0.162797E+01
    -0.160799E+01
    -0.158801E+01
    -0.156804E+01
    -0.154806E+01
    -0.152809E+01
    -0.150811E+01
    -0.148814E+01
    -0.146816E+01
    -0.144819E+01
    -0.142821E+01
    -0.140824E+01
    -0.138826E+01
    -0.136829E+01
    -0.134831E+01
    -0.132834E+01
    -0.130836E+01
    -0.128839E+01
    -0.126841E+01
    -0.124844E+01
    -0.122846E+01
    -0.120849E+01
    -0.118851E+01
    -0.116854E+01
    -0.114856E+01
    -0.112859E+01
    -0.110861E+01
    -0.108864E+01
    -0.106866E+01
    -0.104869E+01
    -0.102871E+01
    -0.100874E+01
    -0.988764E+00
    -0.968789E+00
    -0.948814E+00
    -0.928839E+00
    -0.908864E+00
    -0.888889E+00
    -0.868914E+00
    -0.848939E+00
    -0.828964E+00
    -0.808989E+00
    -0.789014E+00
    -0.769039E+00
    -0.749064E+00
    -0.729089E+00
    -0.709114E+00
    -0.689139E+00
    -0.669164E+00
    -0.649189E+00
    -0.629213E+00
    -0.609238E+00
    -0.589263E+00
    -0.569288E+00
    -0.549313E+00
    -0.529338E+00
    -0.509363E+00
    -0.489388E+00
    -0.469413E+00
    -0.449438E+00
    -0.429463E+00
    -0.409488E+00
    -0.389513E+00
    -0.369538E+00
    -0.349563E+00
    -0.329588E+00
    -0.309613E+00
    -0.289638E+00
    -0.269663E+00
    -0.249688E+00
    -0.229713E+00
    -0.209738E+00
    -0.189763E+00
    -0.169788E+00
    -0.149813E+00
    -0.129838E+00
    -0.109863E+00
    -0.898876E-01
    -0.699126E-01
    -0.499376E-01
    -0.299625E-01
    -0.998752E-02
     0.998752E-02
     0.299625E-01
     0.499376E-01
     0.699126E-01
     0.898876E-01
     0.109863E+00
     0.129838E+00
     0.149813E+00
     0.169788E+00
     0.189763E+00
     0.209738E+00
     0.229713E+00
     0.249688E+00
     0.269663E+00
     0.289638E+00
     0.309613E+00
     0.329588E+00
     0.349563E+00
     0.369538E+00
     0.389513E+00
     0.409488E+00
     0.429463E+00
     0.449438E+00
     0.469413E+00
     0.489388E+00
     0.509363E+00
     0.529338E+00
     0.549313E+00
     0.569288E+00
     0.589263E+00
     0.609238E+00
     0.629213E+00
     0.649189E+00
     0.669164E+00
     0.689139E+00
     0.709114E+00
     0.729089E+00
     0.749064E+00
     0.769039E+00
     0.789014E+00
     0.808989E+00
     0.828964E+00
     0.848939E+00
     0.868914E+00
     0.888889E+00
     0.908864E+00
     0.928839E+00
     0.948814E+00
     0.968789E+00
     0.988764E+00
     0.100874E+01
     0.102871E+01
     0.104869E+01
     0.106866E+01
     0.108864E+01
     0.110861E+01
     0.112859E+01
     0.114856E+01
     0.116854E+01
     0.118851E+01
     0.120849E+01
     0.122846E+01
     0.124844E+01
     0.126841E+01
     0.128839E+01
     0.130836E+01
     0.132834E+01
     0.134831E+01
     0.136829E+01
     0.138826E+01
     0.140824E+01
     0.142821E+01
     0.144819E+01
     0.146816E+01
     0.148814E+01
     0.150811E+01
     0.152809E+01
     0.154806E+01
     0.156804E+01
     0.158801E+01
     0.160799E+01
     0.162797E+01
     0.164794E+01
     0.166792E+01
     0.168789E+01
     0.170787E+01
     0.172784E+01
     0.174782E+01
     0.176779E+01
     0.178777E+01
     0.180774E+01
     0.182772E+01
     0.184769E+01
     0.186767E+01
     0.188764E+01
     0.190762E+01
     0.192759E+01
     0.194757E+01
     0.196754E+01
     0.198752E+01
     0.200749E+01
     0.202747E+01
     0.204744E+01
     0.206742E+01
     0.208739E+01
     0.210737E+01
     0.212734E+01
     0.214732E+01
     0.216729E+01
     0.218727E+01
     0.220724E+01
     0.222722E+01
     0.224719E+01
     0.226717E+01
     0.228714E+01
     0.230712E+01
     0.232709E+01
     0.234707E+01
     0.236704E+01
     0.238702E+01
     0.240699E+01
     0.242697E+01
     0.244694E+01
     0.246692E+01
     0.248689E+01
     0.250687E+01
     0.252684E+01
     0.254682E+01
     0.256679E+01
     0.258677E+01
     0.260674E+01
     0.262672E+01
     0.264669E+01
     0.266667E+01
     0.268664E+01
     0.270662E+01
     0.272659E+01
     0.274657E+01
     0.276654E+01
     0.278652E+01
     0.280649E+01
     0.282647E+01
     0.284644E+01
     0.286642E+01
     0.288639E+01
     0.290637E+01
     0.292634E+01
     0.294632E+01
     0.296629E+01
     0.298627E+01
     0.300624E+01
     0.302622E+01
     0.304619E+01
     0.306617E+01
     0.308614E+01
     0.310612E+01
     0.312609E+01
     0.314607E+01
     0.316604E+01
     0.318602E+01
     0.320599E+01
     0.322597E+01
     0.324594E+01
     0.326592E+01
     0.328589E+01
     0.330587E+01
     0.332584E+01
     0.334582E+01
     0.336579E+01
     0.338577E+01
     0.340574E+01
     0.342572E+01
     0.344569E+01
     0.346567E+01
     0.348564E+01
     0.350562E+01
     0.352559E+01
     0.354557E+01
     0.356554E+01
     0.358552E+01
     0.360549E+01
     0.362547E+01
     0.364544E+01
     0.366542E+01
     0.368539E+01
     0.370537E+01
     0.372534E+01
     0.374532E+01
     0.376529E+01
     0.378527E+01
     0.380524E+01
     0.382522E+01
     0.384519E+01
     0.386517E+01
     0.388514E+01
     0.390512E+01
     0.392509E+01
     0.394507E+01
     0.396504E+01
     0.398502E+01
     0.400499E+01
     0.402497E+01
     0.404494E+01
     0.406492E+01
     0.408489E+01
     0.410487E+01
     0.412484E+01
     0.414482E+01
     0.416479E+01
     0.418477E+01
     0.420474E+01
     0.422472E+01
     0.424469E+01
     0.426467E+01
     0.428464E+01
     0.430462E+01
     0.432459E+01
     0.434457E+01
     0.436454E+01
     0.438452E+01
     0.440449E+01
     0.442447E+01
     0.444444E+01
     0.446442E+01
     0.448439E+01
     0.450437E+01
     0.452434E+01
     0.454432E+01
     0.456429E+01
     0.458427E+01
     0.460424E+01
     0.462422E+01
     0.464419E+01
     0.466417E+01
     0.468414E+01
     0.470412E+01
     0.472409E+01
     0.474407E+01
     0.476404E+01
     0.478402E+01
     0.480400E+01
     0.482397E+01
     0.484395E+01
     0.486392E+01
     0.488390E+01
     0.490387E+01
     0.492385E+01
     0.494382E+01
     0.496380E+01
     0.498377E+01
     0.500375E+01
     0.502372E+01
     0.504370E+01
     0.506367E+01
     0.508365E+01
     0.510362E+01
     0.512360E+01
     0.514357E+01
     0.516355E+01
     0.518352E+01
     0.520350E+01
     0.522347E+01
     0.524345E+01
     0.526342E+01
     0.528340E+01
     0.530337E+01
     0.532335E+01
     0.534332E+01
     0.536330E+01
     0.538327E+01
     0.540325E+01
     0.542322E+01
     0.544320E+01
     0.546317E+01
     0.548315E+01
     0.550312E+01
     0.552310E+01
     0.554307E+01
     0.556305E+01
     0.558302E+01
     0.560300E+01
     0.562297E+01
     0.564295E+01
     0.566292E+01
     0.568290E+01
     0.570287E+01
     0.572285E+01
     0.574282E+01
     0.576280E+01
     0.578277E+01
     0.580275E+01
     0.582272E+01
     0.584270E+01
     0.586267E+01
     0.588265E+01
     0.590262E+01
     0.592260E+01
     0.594257E+01
     0.596255E+01
     0.598252E+01
     0.600250E+01
     0.602247E+01
     0.604245E+01
     0.606242E+01
     0.608240E+01
     0.610237E+01
     0.612235E+01
     0.614232E+01
     0.616230E+01
     0.618227E+01
     0.620225E+01
     0.622222E+01
     0.624220E+01
     0.626217E+01
     0.628215E+01
     0.630212E+01
     0.632210E+01
     0.634207E+01
     0.636205E+01
     0.638202E+01
     0.640200E+01
     0.642197E+01
     0.644195E+01
     0.646192E+01
     0.648190E+01
     0.650187E+01
     0.652185E+01
     0.654182E+01
     0.656180E+01
     0.658177E+01
     0.660175E+01
     0.662172E+01
     0.664170E+01
     0.666167E+01
     0.668165E+01
     0.670162E+01
     0.672160E+01
     0.674157E+01
     0.676155E+01
     0.678152E+01
     0.680150E+01
     0.682147E+01
     0.684145E+01
     0.686142E+01
     0.688140E+01
     0.690137E+01
     0.692135E+01
     0.694132E+01
     0.696130E+01
     0.698127E+01
     0.700125E+01
     0.702122E+01
     0.704120E+01
     0.706117E+01
     0.708115E+01
     0.710112E+01
     0.712110E+01
     0.714107E+01
     0.716105E+01
     0.718102E+01
     0.720100E+01
     0.722097E+01
     0.724095E+01
     0.726092E+01
     0.728090E+01
     0.730087E+01
     0.732085E+01
     0.734082E+01
     0.736080E+01
     0.738077E+01
     0.740075E+01
     0.742072E+01
     0.744070E+01
     0.746067E+01
     0.748065E+01
     0.750062E+01
     0.752060E+01
     0.754057E+01
     0.756055E+01
     0.758052E+01
     0.760050E+01
     0.762047E+01
     0.764045E+01
     0.766042E+01
     0.768040E+01
     0.770037E+01
     0.772035E+01
     0.774032E+01
     0.776030E+01
     0.778027E+01
     0.780025E+01
     0.782022E+01
     0.784020E+01
     0.786017E+01
     0.788015E+01
     0.790012E+01
     0.792010E+01
     0.794007E+01
     0.796005E+01
     0.798002E+01
     0.800000E+01
